# Starting new year: 2025
5392 1 0 0 5 0.0 0.0
5393 2 0 0 5 0.0 0.0
5394 3 0 0 5 0.0 0.0
5395 4 0 0 5 0.0 0.0
5396 5 0 0 5 0.0 0.0
5397 6 0 0 5 0.0 0.0
5398 7 0 0 5 0.0 0.0
5399 8 0 0 5 0.0 0.0
5400 9 0 0 5 0.0 0.0
5401 10 0 0 5 0.0 0.0
5402 11 0 0 5 0.0 0.0
5403 12 0 0 5 0.0 0.0
5404 13 0 0 5 0.0 0.0
5405 14 0 0 5 0.0 0.0
5406 15 0 0 5 0.0 0.0
5407 16 0 0 5 0.0 0.0
5408 17 0 0 5 0.0 0.0
5409 18 0 0 5 0.0 0.0
5410 19 0 0 5 0.0 0.0
5411 20 0 0 5 0.0 0.0
5412 21 0 0 5 0.0 0.0
5413 22 0 0 5 0.0 0.0
5414 23 0 0 5 0.0 0.0
5415 24 0 0 5 0.0 0.0
5416 25 0 0 5 0.0 0.0
5417 26 0 0 5 0.0 0.0
5418 27 0 0 5 0.0 0.0
5419 28 0 0 5 0.0 0.0
5420 29 0 0 5 0.0 0.0
5421 30 0 0 5 0.0 0.0
5422 31 0 0 5 0.0 0.0
5423 32 0 0 5 0.0 0.0
5424 33 0 0 5 0.0 0.0
5425 34 0 0 5 0.0 0.0
5426 35 0 0 5 0.0 0.0
5427 36 0 0 5 0.0 0.0
5428 37 0 0 5 0.0 0.0
5429 38 0 0 5 0.0 0.0
5430 39 0 0 5 0.0 0.0
5431 40 0 0 5 0.0 0.0
5432 41 0 0 5 0.0 0.0
5433 42 0 0 5 0.0 0.0
5434 43 0 0 5 0.0 0.0
5435 44 0 0 5 0.0 0.0
5436 45 0 0 5 0.0 0.0
5437 46 0 0 5 0.0 0.0
5438 47 0 0 5 0.0 0.0
5439 48 0 0 5 0.0 0.0
5440 49 0 0 5 0.0 0.0
5441 50 0 0 5 0.0 0.0
5442 51 0 0 5 0.0 0.0
5443 52 0 0 5 0.0 0.0
5444 53 0 0 5 0.0 0.0
5445 54 0 0 5 0.0 0.0
5446 55 0 0 5 0.0 0.0
5447 56 0 0 5 0.0 0.0
5448 57 0 0 5 0.0 0.0
5449 58 0 0 5 0.0 0.0
5450 59 0 0 5 0.0 0.0
5451 60 0 0 5 0.0 0.0
5452 61 0 0 5 0.0 0.0
5453 62 0 0 5 0.0 0.0
5454 63 0 0 5 0.0 0.0
5455 64 0 0 5 0.0 0.0
5456 65 0 0 5 0.0 0.0
5457 66 0 0 5 0.0 0.0
5458 67 0 0 5 0.0 0.0
5459 68 0 0 5 0.0 0.0
5460 69 0 0 5 0.0 0.0
5461 70 0 0 5 0.0 0.0
5462 71 0 0 5 0.0 0.0
5463 72 0 0 5 0.0 0.0
5464 73 0 0 5 0.0 0.0
5465 74 0 0 5 0.0 0.0
5466 75 0 0 5 0.0 0.0
5467 76 0 0 5 0.0 0.0
5468 77 0 0 5 0.0 0.0
5469 78 0 0 5 0.0 0.0
5470 79 0 0 5 0.0 0.0
5471 80 0 0 5 0.0 0.0
5472 81 0 0 5 0.0 0.0
5473 82 0 0 5 0.0 0.0
5474 83 0 0 5 0.0 0.0
5475 84 0 0 5 0.0 0.0
5476 85 0 0 5 0.0 0.0
5477 86 0 0 5 0.0 0.0
5478 87 0 0 5 0.0 0.0
5479 88 0 0 5 0.0 0.0
5480 89 0 0 5 0.0 0.0
5481 90 0 0 5 0.0 0.0
5482 91 0 0 5 0.0 0.0
5483 92 0 0 5 0.0 0.0
5484 93 0 0 5 0.0 0.0
5485 94 0 0 5 0.0 0.0
5486 95 0 0 5 0.0 0.0
5487 96 0 0 5 0.0 0.0
5488 97 0 0 5 0.0 0.0
5489 98 0 0 5 0.0 0.0
5490 99 0 0 5 0.0 0.0
5491 100 0 0 5 0.0 0.0
5492 101 0 0 5 0.0 0.0
5493 102 0 0 5 0.0 0.0
5494 103 0 0 5 0.0 0.0
5495 104 0 0 5 0.0 0.0
5496 105 0 0 5 0.0 0.0
5497 106 0 0 5 0.0 0.0
5498 107 0 0 5 0.0 0.0
5499 108 0 0 5 0.0 0.0
5500 109 0 0 5 0.0 0.0
5501 110 0 0 5 0.0 0.0
5502 111 0 0 5 0.0 0.0
5503 112 0 0 5 0.0 0.0
5504 113 0 0 5 0.0 0.0
5505 114 0 0 5 0.0 0.0
5506 115 0 0 5 0.0 0.0
5507 116 0 0 5 0.0 0.0
5508 117 0 0 5 0.0 0.0
5509 118 0 0 5 0.0 0.0
5510 119 0 0 5 0.0 0.0
5511 120 0 0 5 0.0 0.0
5512 121 13.6 0.857143 -20 0.0 0.0
5513 122 13.6 0.857143 -20 0.0 0.0
5514 123 13.6 0.857143 -20 0.0 0.0
5515 124 13.6 0.857143 -20 0.0 0.0
5516 125 13.6 0.857143 -20 0.0 0.0
5517 126 13.6 0.857143 -20 0.0 0.0
5518 127 13.6 0.857143 -20 0.0 0.0
5519 128 13.6 0.857143 -20 0.0 0.0
5520 129 13.6 0.857143 -20 0.0 0.0
5521 130 13.6 0.857143 -20 0.0 0.0
5522 131 13.6 0.857143 -20 0.0 0.0
5523 132 13.6 0.857143 -20 0.0 0.0
5524 133 13.6 0.857143 -20 0.0 0.0
5525 134 13.6 0.857143 -20 0.0 0.0
5526 135 13.6 0.857143 -20 0.0 0.0
5527 136 13.6 0.857143 -20 0.0 0.0
5528 137 13.6 0.857143 -20 0.0 0.0
5529 138 13.6 0.857143 -20 0.0 0.0
5530 139 13.6 0.857143 -20 0.0 0.0
5531 140 13.6 0.857143 -20 0.0 0.0
5532 141 13.6 0.857143 -20 0.0 0.0
5533 142 13.6 0.857143 -20 0.0 0.0
5534 143 13.6 0.857143 -20 0.0 0.0
5535 144 13.6 0.857143 -20 0.0 0.0
5536 145 13.6 0.857143 -20 0.0 0.0
5537 146 13.6 0.857143 -20 0.0 0.0
5538 147 13.6 0.857143 -20 0.0 0.0
5539 148 13.6 0.857143 -20 0.0 0.0
5540 149 13.6 0.857143 -20 0.0 0.0
5541 150 13.6 0.857143 -20 0.0 0.0
5542 151 13.6 0.857143 -20 0.0 0.0
5543 152 13.6 0.857143 -20 0.0 0.0
5544 153 13.6 0.857143 -20 0.0 0.0
5545 154 13.6 0.857143 -20 0.0 0.0
5546 155 13.6 0.857143 -20 0.0 0.0
5547 156 13.6 0.857143 -20 0.0 0.0
5548 157 13.6 0.857143 -20 0.0 0.0
5549 158 13.6 0.857143 -20 0.0 0.0
5550 159 13.6 0.857143 -20 0.0 0.0
5551 160 13.6 0.857143 -20 0.0 0.0
5552 161 13.6 0.857143 -20 0.0 0.0
5553 162 13.6 0.857143 -20 0.0 0.0
5554 163 13.6 0.857143 -20 0.0 0.0
5555 164 13.6 0.857143 -20 0.0 0.0
5556 165 13.6 0.857143 -20 0.0 0.0
5557 166 13.6 0.857143 -20 0.0 0.0
5558 167 13.6 0.857143 -20 0.0 0.0
5559 168 13.6 0.857143 -20 0.0 0.0
5560 169 13.6 0.857143 -20 0.0 0.0
5561 170 13.6 0.857143 -20 0.0 0.0
5562 171 13.6 0.857143 -20 0.0 0.0
5563 172 13.6 0.857143 -20 0.0 0.0
5564 173 13.6 0.857143 -20 0.0 0.0
5565 174 13.6 0.857143 -20 0.0 0.0
5566 175 13.6 0.857143 -20 0.0 0.0
5567 176 13.6 0.857143 -20 0.0 0.0
5568 177 13.6 0.857143 -20 0.0 0.0
5569 178 13.6 0.857143 -20 0.0 0.0
5570 179 13.6 0.857143 -20 0.0 0.0
5571 180 13.6 0.857143 -20 0.0 0.0
5572 181 13.6 0.857143 -20 0.0 0.0
5573 182 13.6 0.857143 -20 0.0 0.0
5574 183 13.6 0.857143 -20 0.0 0.0
5575 184 13.6 0.857143 -20 0.0 0.0
5576 185 13.6 0.857143 -20 0.0 0.0
5577 186 13.6 0.857143 -20 0.0 0.0
5578 187 13.6 0.857143 -20 0.0 0.0
5579 188 13.6 0.857143 -20 0.0 0.0
5580 189 13.6 0.857143 -20 0.0 0.0
5581 190 13.6 0.857143 -20 0.0 0.0
5582 191 13.6 0.857143 -20 0.0 0.0
5583 192 13.6 0.857143 -20 0.0 0.0
5584 193 13.6 0.857143 -20 0.0 0.0
5585 194 13.6 0.857143 -20 0.0 0.0
5586 195 13.6 0.857143 -20 0.0 0.0
5587 196 13.6 0.857143 -20 0.0 0.0
5588 197 13.6 0.857143 -20 0.0 0.0
5589 198 13.6 0.857143 -20 0.0 0.0
5590 199 13.6 0.857143 -20 0.0 0.0
5591 200 13.6 0.857143 -20 0.0 0.0
5592 201 13.6 0.857143 -20 0.0 0.0
5593 202 13.6 0.857143 -20 0.0 0.0
5594 203 13.6 0.857143 -20 0.0 0.0
5595 204 13.6 0.857143 -20 0.0 0.0
5596 205 13.6 0.857143 -20 0.0 0.0
5597 206 13.6 0.857143 -20 0.0 0.0
5598 207 13.6 0.857143 -20 0.0 0.0
5599 208 13.6 0.857143 -20 0.0 0.0
5600 209 13.6 0.857143 -20 0.0 0.0
5601 210 13.6 0.857143 -20 0.0 0.0
5602 211 13.6 0.857143 -20 0.0 0.0
5603 212 13.6 0.857143 -20 0.0 0.0
5604 213 13.6 0.857143 -20 0.0 0.0
5605 214 13.6 0.857143 -20 0.0 0.0
5606 215 13.6 0.857143 -20 0.0 0.0
5607 216 13.6 0.857143 -20 0.0 0.0
5608 217 13.6 0.857143 -20 0.0 0.0
5609 218 13.6 0.857143 -20 0.0 0.0
5610 219 13.6 0.857143 -20 0.0 0.0
5611 220 13.6 0.857143 -20 0.0 0.0
5612 221 13.6 0.857143 -20 0.0 0.0
5613 222 13.6 0.857143 -20 0.0 0.0
5614 223 13.6 0.857143 -20 0.0 0.0
5615 224 13.6 0.857143 -20 0.0 0.0
5616 225 13.6 0.857143 -20 0.0 0.0
5617 226 13.6 0.857143 -20 0.0 0.0
5618 227 13.6 0.857143 -20 0.0 0.0
5619 228 13.6 0.857143 -20 0.0 0.0
5620 229 13.6 0.857143 -20 0.0 0.0
5621 230 13.6 0.857143 -20 0.0 0.0
5622 231 13.6 0.857143 -20 0.0 0.0
5623 232 13.6 0.857143 -20 0.0 0.0
5624 233 13.6 0.857143 -20 0.0 0.0
5625 234 13.6 0.857143 -20 0.0 0.0
5626 235 13.6 0.857143 -20 0.0 0.0
5627 236 13.6 0.857143 -20 0.0 0.0
5628 237 13.6 0.857143 -20 0.0 0.0
5629 238 13.6 0.857143 -20 0.0 0.0
5630 239 13.6 0.857143 -20 0.0 0.0
5631 240 13.6 0.857143 -20 0.0 0.0
5632 241 13.6 0.857143 -20 0.0 0.0
5633 242 13.6 0.857143 -20 0.0 0.0
5634 243 13.6 0.857143 -20 0.0 0.0
5635 244 13.6 0.857143 -20 0.0 0.0
5636 245 13.6 0.857143 -20 0.0 0.0
5637 246 13.6 0.857143 -20 0.0 0.0
5638 247 13.6 0.857143 -20 0.0 0.0
5639 248 13.6 0.857143 -20 0.0 0.0
5640 249 13.6 0.857143 -20 0.0 0.0
5641 250 13.6 0.857143 -20 0.0 0.0
5642 251 13.6 0.857143 -20 0.0 0.0
5643 252 13.6 0.857143 -20 0.0 0.0
5644 253 13.6 0.857143 -20 0.0 0.0
5645 254 13.6 0.857143 -20 0.0 0.0
5646 255 13.6 0.857143 -20 0.0 0.0
5647 256 13.6 0.857143 -20 0.0 0.0
5648 257 13.6 0.857143 -20 0.0 0.0
5649 258 13.6 0.857143 -20 0.0 0.0
5650 259 13.6 0.857143 -20 0.0 0.0
5651 260 13.6 0.857143 -20 0.0 0.0
5652 261 0 0 5 0.0 0.0
5653 262 0 0 5 0.0 0.0
5654 263 0 0 5 0.0 0.0
5655 264 0 0 5 0.0 0.0
5656 265 0 0 5 0.0 0.0
5657 266 0 0 5 0.0 0.0
5658 267 0 0 5 0.0 0.0
5659 268 0 0 5 0.0 0.0
5660 269 0 0 5 0.0 0.0
5661 270 0 0 5 0.0 0.0
5662 271 0 0 5 0.0 0.0
5663 272 0 0 5 0.0 0.0
5664 273 0 0 5 0.0 0.0
5665 274 0 0 5 0.0 0.0
5666 275 0 0 5 0.0 0.0
5667 276 0 0 5 0.0 0.0
5668 277 0 0 5 0.0 0.0
5669 278 0 0 5 0.0 0.0
5670 279 0 0 5 0.0 0.0
5671 280 0 0 5 0.0 0.0
5672 281 0 0 5 0.0 0.0
5673 282 0 0 5 0.0 0.0
5674 283 0 0 5 0.0 0.0
5675 284 0 0 5 0.0 0.0
5676 285 0 0 5 0.0 0.0
5677 286 0 0 5 0.0 0.0
5678 287 0 0 5 0.0 0.0
5679 288 0 0 5 0.0 0.0
5680 289 0 0 5 0.0 0.0
5681 290 0 0 5 0.0 0.0
5682 291 0 0 5 0.0 0.0
5683 292 0 0 5 0.0 0.0
5684 293 0 0 5 0.0 0.0
5685 294 0 0 5 0.0 0.0
5686 295 0 0 5 0.0 0.0
5687 296 0 0 5 0.0 0.0
5688 297 0 0 5 0.0 0.0
5689 298 0 0 5 0.0 0.0
5690 299 0 0 5 0.0 0.0
5691 300 0 0 5 0.0 0.0
5692 301 0 0 5 0.0 0.0
5693 302 0 0 5 0.0 0.0
5694 303 0 0 5 0.0 0.0
5695 304 0 0 5 0.0 0.0
5696 305 0 0 5 0.0 0.0
5697 306 0 0 5 0.0 0.0
5698 307 0 0 5 0.0 0.0
5699 308 0 0 5 0.0 0.0
5700 309 0 0 5 0.0 0.0
5701 310 0 0 5 0.0 0.0
5702 311 0 0 5 0.0 0.0
5703 312 0 0 5 0.0 0.0
5704 313 0 0 5 0.0 0.0
5705 314 0 0 5 0.0 0.0
5706 315 0 0 5 0.0 0.0
5707 316 0 0 5 0.0 0.0
5708 317 0 0 5 0.0 0.0
5709 318 0 0 5 0.0 0.0
5710 319 0 0 5 0.0 0.0
5711 320 0 0 5 0.0 0.0
5712 321 0 0 5 0.0 0.0
5713 322 0 0 5 0.0 0.0
5714 323 0 0 5 0.0 0.0
5715 324 0 0 5 0.0 0.0
5716 325 0 0 5 0.0 0.0
5717 326 0 0 5 0.0 0.0
5718 327 0 0 5 0.0 0.0
5719 328 0 0 5 0.0 0.0
5720 329 0 0 5 0.0 0.0
5721 330 0 0 5 0.0 0.0
5722 331 0 0 5 0.0 0.0
5723 332 0 0 5 0.0 0.0
5724 333 0 0 5 0.0 0.0
5725 334 0 0 5 0.0 0.0
5726 335 0 0 5 0.0 0.0
5727 336 0 0 5 0.0 0.0
5728 337 0 0 5 0.0 0.0
5729 338 0 0 5 0.0 0.0
5730 339 0 0 5 0.0 0.0
5731 340 0 0 5 0.0 0.0
5732 341 0 0 5 0.0 0.0
5733 342 0 0 5 0.0 0.0
5734 343 0 0 5 0.0 0.0
5735 344 0 0 5 0.0 0.0
5736 345 0 0 5 0.0 0.0
5737 346 0 0 5 0.0 0.0
5738 347 0 0 5 0.0 0.0
5739 348 0 0 5 0.0 0.0
5740 349 0 0 5 0.0 0.0
5741 350 0 0 5 0.0 0.0
5742 351 0 0 5 0.0 0.0
5743 352 0 0 5 0.0 0.0
5744 353 0 0 5 0.0 0.0
5745 354 0 0 5 0.0 0.0
5746 355 0 0 5 0.0 0.0
5747 356 0 0 5 0.0 0.0
5748 357 0 0 5 0.0 0.0
5749 358 0 0 5 0.0 0.0
5750 359 0 0 5 0.0 0.0
5751 360 0 0 5 0.0 0.0
5752 361 0 0 5 0.0 0.0
5753 362 0 0 5 0.0 0.0
5754 363 0 0 5 0.0 0.0
5755 364 0 0 5 0.0 0.0
5756 365 0 0 5 0.0 0.0
# Starting new year: 2026
5757 1 0 0 5 0.0 0.0
5758 2 0 0 5 0.0 0.0
5759 3 0 0 5 0.0 0.0
5760 4 0 0 5 0.0 0.0
5761 5 0 0 5 0.0 0.0
5762 6 0 0 5 0.0 0.0
5763 7 0 0 5 0.0 0.0
5764 8 0 0 5 0.0 0.0
5765 9 0 0 5 0.0 0.0
5766 10 0 0 5 0.0 0.0
5767 11 0 0 5 0.0 0.0
5768 12 0 0 5 0.0 0.0
5769 13 0 0 5 0.0 0.0
5770 14 0 0 5 0.0 0.0
5771 15 0 0 5 0.0 0.0
5772 16 0 0 5 0.0 0.0
5773 17 0 0 5 0.0 0.0
5774 18 0 0 5 0.0 0.0
5775 19 0 0 5 0.0 0.0
5776 20 0 0 5 0.0 0.0
5777 21 0 0 5 0.0 0.0
5778 22 0 0 5 0.0 0.0
5779 23 0 0 5 0.0 0.0
5780 24 0 0 5 0.0 0.0
5781 25 0 0 5 0.0 0.0
5782 26 0 0 5 0.0 0.0
5783 27 0 0 5 0.0 0.0
5784 28 0 0 5 0.0 0.0
5785 29 0 0 5 0.0 0.0
5786 30 0 0 5 0.0 0.0
5787 31 0 0 5 0.0 0.0
5788 32 0 0 5 0.0 0.0
5789 33 0 0 5 0.0 0.0
5790 34 0 0 5 0.0 0.0
5791 35 0 0 5 0.0 0.0
5792 36 0 0 5 0.0 0.0
5793 37 0 0 5 0.0 0.0
5794 38 0 0 5 0.0 0.0
5795 39 0 0 5 0.0 0.0
5796 40 0 0 5 0.0 0.0
5797 41 0 0 5 0.0 0.0
5798 42 0 0 5 0.0 0.0
5799 43 0 0 5 0.0 0.0
5800 44 0 0 5 0.0 0.0
5801 45 0 0 5 0.0 0.0
5802 46 0 0 5 0.0 0.0
5803 47 0 0 5 0.0 0.0
5804 48 0 0 5 0.0 0.0
5805 49 0 0 5 0.0 0.0
5806 50 0 0 5 0.0 0.0
5807 51 0 0 5 0.0 0.0
5808 52 0 0 5 0.0 0.0
5809 53 0 0 5 0.0 0.0
5810 54 0 0 5 0.0 0.0
5811 55 0 0 5 0.0 0.0
5812 56 0 0 5 0.0 0.0
5813 57 0 0 5 0.0 0.0
5814 58 0 0 5 0.0 0.0
5815 59 0 0 5 0.0 0.0
5816 60 0 0 5 0.0 0.0
5817 61 0 0 5 0.0 0.0
5818 62 0 0 5 0.0 0.0
5819 63 0 0 5 0.0 0.0
5820 64 0 0 5 0.0 0.0
5821 65 0 0 5 0.0 0.0
5822 66 0 0 5 0.0 0.0
5823 67 0 0 5 0.0 0.0
5824 68 0 0 5 0.0 0.0
5825 69 0 0 5 0.0 0.0
5826 70 0 0 5 0.0 0.0
5827 71 0 0 5 0.0 0.0
5828 72 0 0 5 0.0 0.0
5829 73 0 0 5 0.0 0.0
5830 74 0 0 5 0.0 0.0
5831 75 0 0 5 0.0 0.0
5832 76 0 0 5 0.0 0.0
5833 77 0 0 5 0.0 0.0
5834 78 0 0 5 0.0 0.0
5835 79 0 0 5 0.0 0.0
5836 80 0 0 5 0.0 0.0
5837 81 0 0 5 0.0 0.0
5838 82 0 0 5 0.0 0.0
5839 83 0 0 5 0.0 0.0
5840 84 0 0 5 0.0 0.0
5841 85 0 0 5 0.0 0.0
5842 86 0 0 5 0.0 0.0
5843 87 0 0 5 0.0 0.0
5844 88 0 0 5 0.0 0.0
5845 89 0 0 5 0.0 0.0
5846 90 0 0 5 0.0 0.0
5847 91 0 0 5 0.0 0.0
5848 92 0 0 5 0.0 0.0
5849 93 0 0 5 0.0 0.0
5850 94 0 0 5 0.0 0.0
5851 95 0 0 5 0.0 0.0
5852 96 0 0 5 0.0 0.0
5853 97 0 0 5 0.0 0.0
5854 98 0 0 5 0.0 0.0
5855 99 0 0 5 0.0 0.0
5856 100 0 0 5 0.0 0.0
5857 101 0 0 5 0.0 0.0
5858 102 0 0 5 0.0 0.0
5859 103 0 0 5 0.0 0.0
5860 104 0 0 5 0.0 0.0
5861 105 0 0 5 0.0 0.0
5862 106 0 0 5 0.0 0.0
5863 107 0 0 5 0.0 0.0
5864 108 0 0 5 0.0 0.0
5865 109 0 0 5 0.0 0.0
5866 110 0 0 5 0.0 0.0
5867 111 0 0 5 0.0 0.0
5868 112 0 0 5 0.0 0.0
5869 113 0 0 5 0.0 0.0
5870 114 0 0 5 0.0 0.0
5871 115 0 0 5 0.0 0.0
5872 116 0 0 5 0.0 0.0
5873 117 0 0 5 0.0 0.0
5874 118 0 0 5 0.0 0.0
5875 119 0 0 5 0.0 0.0
5876 120 0 0 5 0.0 0.0
5877 121 0 0 5 0.0 0.0
5878 122 0 0 5 0.0 0.0
5879 123 0 0 5 0.0 0.0
5880 124 0 0 5 0.0 0.0
5881 125 0 0 5 0.0 0.0
5882 126 13.6 0.857143 -20 0.0 0.0
5883 127 13.6 0.857143 -20 0.0 0.0
5884 128 13.6 0.857143 -20 0.0 0.0
5885 129 13.6 0.857143 -20 0.0 0.0
5886 130 13.6 0.857143 -20 0.0 0.0
5887 131 13.6 0.857143 -20 0.0 0.0
5888 132 13.6 0.857143 -20 0.0 0.0
5889 133 13.6 0.857143 -20 0.0 0.0
5890 134 13.6 0.857143 -20 0.0 0.0
5891 135 13.6 0.857143 -20 0.0 0.0
5892 136 13.6 0.857143 -20 0.0 0.0
5893 137 13.6 0.857143 -20 0.0 0.0
5894 138 13.6 0.857143 -20 0.0 0.0
5895 139 13.6 0.857143 -20 0.0 0.0
5896 140 13.6 0.857143 -20 0.0 0.0
5897 141 13.6 0.857143 -20 0.0 0.0
5898 142 13.6 0.857143 -20 0.0 0.0
5899 143 13.6 0.857143 -20 0.0 0.0
5900 144 13.6 0.857143 -20 0.0 0.0
5901 145 13.6 0.857143 -20 0.0 0.0
5902 146 13.6 0.857143 -20 0.0 0.0
5903 147 13.6 0.857143 -20 0.0 0.0
5904 148 13.6 0.857143 -20 0.0 0.0
5905 149 13.6 0.857143 -20 0.0 0.0
5906 150 13.6 0.857143 -20 0.0 0.0
5907 151 13.6 0.857143 -20 0.0 0.0
5908 152 13.6 0.857143 -20 0.0 0.0
5909 153 13.6 0.857143 -20 0.0 0.0
5910 154 13.6 0.857143 -20 0.0 0.0
5911 155 13.6 0.857143 -20 0.0 0.0
5912 156 13.6 0.857143 -20 0.0 0.0
5913 157 13.6 0.857143 -20 0.0 0.0
5914 158 13.6 0.857143 -20 0.0 0.0
5915 159 13.6 0.857143 -20 0.0 0.0
5916 160 13.6 0.857143 -20 0.0 0.0
5917 161 0 0 5 0.0 0.0
5918 162 0 0 5 0.0 0.0
5919 163 0 0 5 0.0 0.0
5920 164 0 0 5 0.0 0.0
5921 165 0 0 5 0.0 0.0
5922 166 0 0 5 0.0 0.0
5923 167 0 0 5 0.0 0.0
5924 168 0 0 5 0.0 0.0
5925 169 0 0 5 0.0 0.0
5926 170 0 0 5 0.0 0.0
5927 171 0 0 5 0.0 0.0
5928 172 0 0 5 0.0 0.0
5929 173 0 0 5 0.0 0.0
5930 174 0 0 5 0.0 0.0
5931 175 0 0 5 0.0 0.0
5932 176 0 0 5 0.0 0.0
5933 177 0 0 5 0.0 0.0
5934 178 0 0 5 0.0 0.0
5935 179 0 0 5 0.0 0.0
5936 180 0 0 5 0.0 0.0
5937 181 0 0 5 0.0 0.0
5938 182 0 0 5 0.0 0.0
5939 183 0 0 5 0.0 0.0
5940 184 0 0 5 0.0 0.0
5941 185 0 0 5 0.0 0.0
5942 186 0 0 5 0.0 0.0
5943 187 0 0 5 0.0 0.0
5944 188 0 0 5 0.0 0.0
5945 189 0 0 5 0.0 0.0
5946 190 0 0 5 0.0 0.0
5947 191 0 0 5 0.0 0.0
5948 192 0 0 5 0.0 0.0
5949 193 0 0 5 0.0 0.0
5950 194 0 0 5 0.0 0.0
5951 195 0 0 5 0.0 0.0
5952 196 0 0 5 0.0 0.0
5953 197 0 0 5 0.0 0.0
5954 198 0 0 5 0.0 0.0
5955 199 0 0 5 0.0 0.0
5956 200 0 0 5 0.0 0.0
5957 201 0 0 5 0.0 0.0
5958 202 0 0 5 0.0 0.0
5959 203 0 0 5 0.0 0.0
5960 204 0 0 5 0.0 0.0
5961 205 0 0 5 0.0 0.0
5962 206 0 0 5 0.0 0.0
5963 207 0 0 5 0.0 0.0
5964 208 0 0 5 0.0 0.0
5965 209 0 0 5 0.0 0.0
5966 210 0 0 5 0.0 0.0
5967 211 0 0 5 0.0 0.0
5968 212 0 0 5 0.0 0.0
5969 213 0 0 5 0.0 0.0
5970 214 0 0 5 0.0 0.0
5971 215 0 0 5 0.0 0.0
5972 216 0 0 5 0.0 0.0
5973 217 0 0 5 0.0 0.0
5974 218 0 0 5 0.0 0.0
5975 219 0 0 5 0.0 0.0
5976 220 0 0 5 0.0 0.0
5977 221 0 0 5 0.0 0.0
5978 222 0 0 5 0.0 0.0
5979 223 0 0 5 0.0 0.0
5980 224 0 0 5 0.0 0.0
5981 225 0 0 5 0.0 0.0
5982 226 0 0 5 0.0 0.0
5983 227 0 0 5 0.0 0.0
5984 228 0 0 5 0.0 0.0
5985 229 0 0 5 0.0 0.0
5986 230 0 0 5 0.0 0.0
5987 231 0 0 5 0.0 0.0
5988 232 0 0 5 0.0 0.0
5989 233 0 0 5 0.0 0.0
5990 234 0 0 5 0.0 0.0
5991 235 0 0 5 0.0 0.0
5992 236 0 0 5 0.0 0.0
5993 237 0 0 5 0.0 0.0
5994 238 0 0 5 0.0 0.0
5995 239 0 0 5 0.0 0.0
5996 240 0 0 5 0.0 0.0
5997 241 0 0 5 0.0 0.0
5998 242 0 0 5 0.0 0.0
5999 243 0 0 5 0.0 0.0
6000 244 0 0 5 0.0 0.0
6001 245 0 0 5 0.0 0.0
6002 246 0 0 5 0.0 0.0
6003 247 0 0 5 0.0 0.0
6004 248 0 0 5 0.0 0.0
6005 249 0 0 5 0.0 0.0
6006 250 0 0 5 0.0 0.0
6007 251 0 0 5 0.0 0.0
6008 252 0 0 5 0.0 0.0
6009 253 0 0 5 0.0 0.0
6010 254 0 0 5 0.0 0.0
6011 255 0 0 5 0.0 0.0
6012 256 0 0 5 0.0 0.0
6013 257 0 0 5 0.0 0.0
6014 258 0 0 5 0.0 0.0
6015 259 0 0 5 0.0 0.0
6016 260 0 0 5 0.0 0.0
6017 261 0 0 5 0.0 0.0
6018 262 0 0 5 0.0 0.0
6019 263 0 0 5 0.0 0.0
6020 264 0 0 5 0.0 0.0
6021 265 0 0 5 0.0 0.0
6022 266 0 0 5 0.0 0.0
6023 267 0 0 5 0.0 0.0
6024 268 0 0 5 0.0 0.0
6025 269 0 0 5 0.0 0.0
6026 270 0 0 5 0.0 0.0
6027 271 0 0 5 0.0 0.0
6028 272 0 0 5 0.0 0.0
6029 273 0 0 5 0.0 0.0
6030 274 0 0 5 0.0 0.0
6031 275 0 0 5 0.0 0.0
6032 276 0 0 5 0.0 0.0
6033 277 0 0 5 0.0 0.0
6034 278 0 0 5 0.0 0.0
6035 279 0 0 5 0.0 0.0
6036 280 0 0 5 0.0 0.0
6037 281 0 0 5 0.0 0.0
6038 282 0 0 5 0.0 0.0
6039 283 0 0 5 0.0 0.0
6040 284 0 0 5 0.0 0.0
6041 285 0 0 5 0.0 0.0
6042 286 0 0 5 0.0 0.0
6043 287 0 0 5 0.0 0.0
6044 288 0 0 5 0.0 0.0
6045 289 0 0 5 0.0 0.0
6046 290 0 0 5 0.0 0.0
6047 291 0 0 5 0.0 0.0
6048 292 0 0 5 0.0 0.0
6049 293 0 0 5 0.0 0.0
6050 294 0 0 5 0.0 0.0
6051 295 0 0 5 0.0 0.0
6052 296 0 0 5 0.0 0.0
6053 297 0 0 5 0.0 0.0
6054 298 0 0 5 0.0 0.0
6055 299 0 0 5 0.0 0.0
6056 300 0 0 5 0.0 0.0
6057 301 0 0 5 0.0 0.0
6058 302 0 0 5 0.0 0.0
6059 303 0 0 5 0.0 0.0
6060 304 0 0 5 0.0 0.0
6061 305 0 0 5 0.0 0.0
6062 306 0 0 5 0.0 0.0
6063 307 0 0 5 0.0 0.0
6064 308 0 0 5 0.0 0.0
6065 309 0 0 5 0.0 0.0
6066 310 0 0 5 0.0 0.0
6067 311 0 0 5 0.0 0.0
6068 312 0 0 5 0.0 0.0
6069 313 0 0 5 0.0 0.0
6070 314 0 0 5 0.0 0.0
6071 315 0 0 5 0.0 0.0
6072 316 0 0 5 0.0 0.0
6073 317 0 0 5 0.0 0.0
6074 318 0 0 5 0.0 0.0
6075 319 0 0 5 0.0 0.0
6076 320 0 0 5 0.0 0.0
6077 321 0 0 5 0.0 0.0
6078 322 0 0 5 0.0 0.0
6079 323 0 0 5 0.0 0.0
6080 324 0 0 5 0.0 0.0
6081 325 0 0 5 0.0 0.0
6082 326 0 0 5 0.0 0.0
6083 327 0 0 5 0.0 0.0
6084 328 0 0 5 0.0 0.0
6085 329 0 0 5 0.0 0.0
6086 330 0 0 5 0.0 0.0
6087 331 0 0 5 0.0 0.0
6088 332 0 0 5 0.0 0.0
6089 333 0 0 5 0.0 0.0
6090 334 0 0 5 0.0 0.0
6091 335 0 0 5 0.0 0.0
6092 336 0 0 5 0.0 0.0
6093 337 0 0 5 0.0 0.0
6094 338 0 0 5 0.0 0.0
6095 339 0 0 5 0.0 0.0
6096 340 0 0 5 0.0 0.0
6097 341 0 0 5 0.0 0.0
6098 342 0 0 5 0.0 0.0
6099 343 0 0 5 0.0 0.0
6100 344 0 0 5 0.0 0.0
6101 345 0 0 5 0.0 0.0
6102 346 0 0 5 0.0 0.0
6103 347 0 0 5 0.0 0.0
6104 348 0 0 5 0.0 0.0
6105 349 0 0 5 0.0 0.0
6106 350 0 0 5 0.0 0.0
6107 351 0 0 5 0.0 0.0
6108 352 0 0 5 0.0 0.0
6109 353 0 0 5 0.0 0.0
6110 354 0 0 5 0.0 0.0
6111 355 0 0 5 0.0 0.0
6112 356 0 0 5 0.0 0.0
6113 357 0 0 5 0.0 0.0
6114 358 0 0 5 0.0 0.0
6115 359 0 0 5 0.0 0.0
6116 360 0 0 5 0.0 0.0
6117 361 0 0 5 0.0 0.0
6118 362 0 0 5 0.0 0.0
6119 363 0 0 5 0.0 0.0
6120 364 0 0 5 0.0 0.0
6121 365 0 0 5 0.0 0.0
