# Starting new year: 2023
230101	1	1	0	0.000e+00	3.4	0.0	0.0
230102	2	2	0	0.000e+00	3.4	0.0	0.0
230103	3	3	0	0.000e+00	3.4	0.0	0.0
230104	4	4	0	0.000e+00	3.4	0.0	0.0
230105	5	5	0	0.000e+00	3.4	0.0	0.0
230106	6	6	0	0.000e+00	3.6	0.0	0.0
230107	7	7	0	0.000e+00	3.6	0.0	0.0
230108	8	8	0	0.000e+00	3.6	0.0	0.0
230109	9	9	0	0.000e+00	3.6	0.0	0.0
230110	10	10	0	0.000e+00	3.6	0.0	0.0
230111	11	11	0	0.000e+00	4.2	0.0	0.0
230112	12	12	0	0.000e+00	4.4	0.0	0.0
230113	13	13	0	0.000e+00	3.6	0.0	0.0
230114	14	14	0	0.000e+00	3.6	0.0	0.0
230115	15	15	0	0.000e+00	3.6	0.0	0.0
230116	16	16	0	0.000e+00	3.6	0.0	0.0
230117	17	17	0	0.000e+00	3.6	0.0	0.0
230118	18	18	0	0.000e+00	3.6	0.0	0.0
230119	19	19	0	0.000e+00	3.5	0.0	0.0
230120	20	20	0	0.000e+00	3.8	0.0	0.0
230121	21	21	0	0.000e+00	3.8	0.0	0.0
230122	22	22	0	0.000e+00	3.8	0.0	0.0
230123	23	23	0	0.000e+00	3.7	0.0	0.0
230124	24	24	0	0.000e+00	2.3	0.0	0.0
230125	25	25	0	0.000e+00	2.3	0.0	0.0
230126	26	26	0	0.000e+00	-1.4	0.0	0.0
230127	27	27	0	0.000e+00	-15.1	0.0	0.0
230128	28	28	0	0.000e+00	-15.1	0.0	0.0
230129	29	29	0	0.000e+00	-15.1	0.0	0.0
230130	30	30	0	0.000e+00	-12.1	0.0	0.0
230131	31	31	0	0.000e+00	2.2	0.0	0.0
230201	32	32	0	0.000e+00	2.2	0.0	0.0
230202	33	33	0	0.000e+00	-0.5	0.0	0.0
230203	34	34	0	0.000e+00	-0.5	0.0	0.0
230204	35	35	0	0.000e+00	-0.5	0.0	0.0
230205	36	36	0	0.000e+00	-0.5	0.0	0.0
230206	37	37	0	0.000e+00	-0.5	0.0	0.0
230207	38	38	0	0.000e+00	-0.5	0.0	0.0
230208	39	39	0	0.000e+00	-0.5	0.0	0.0
230209	40	40	0	0.000e+00	-0.5	0.0	0.0
230210	41	41	0	0.000e+00	-0.5	0.0	0.0
230211	42	42	0	0.000e+00	-0.5	0.0	0.0
230212	43	43	0	0.000e+00	-0.5	0.0	0.0
230213	44	44	0	0.000e+00	-0.5	0.0	0.0
230214	45	45	0	0.000e+00	-0.6	0.0	0.0
230215	46	46	0	0.000e+00	-0.5	0.0	0.0
230216	47	47	0	0.000e+00	2.9	0.0	0.0
230217	48	48	0	0.000e+00	0.6	0.0	0.0
230218	49	49	0	0.000e+00	0.3	0.0	0.0
230219	50	50	0	0.000e+00	-6.4	0.0	0.0
230220	51	51	0	0.000e+00	-15.2	0.558	0.481
230221	52	52	0	0.000e+00	-15.2	1.0	1.0
230222	53	53	0	0.000e+00	-20.0	1.0	1.0
230223	54	54	0	0.000e+00	-20.0	1.0	1.0
230224	55	55	0	0.000e+00	-16.3	0.334	0.334
230225	56	56	0	0.000e+00	-16.3	0.0	0.0
230226	57	57	0	0.000e+00	-0.2	0.0	0.0
230227	58	58	0	0.000e+00	10.4	0.0	0.0
230228	59	59	0	0.000e+00	15.0	0.0	0.0
230301	60	60	0	0.000e+00	8.7	0.0	0.0
230302	61	61	0	0.000e+00	-9.3	0.426	0.259
230303	62	62	0	0.000e+00	-20.0	1.0	1.0
230304	63	63	0	0.000e+00	-20.0	1.0	1.0
230305	64	64	0	0.000e+00	-20.0	1.0	1.0
230306	65	65	0	0.000e+00	-20.0	1.0	1.0
230307	66	66	0	0.000e+00	-20.0	1.0	1.0
230308	67	67	0	0.000e+00	-20.0	1.0	1.0
230309	68	68	0	0.000e+00	-20.0	1.0	1.0
230310	69	69	0	0.000e+00	-20.0	0.718	0.641
230311	70	70	0	0.000e+00	-20.0	1.0	1.0
230312	71	71	0	0.000e+00	-20.0	1.0	1.0
230313	72	72	0	0.000e+00	-20.0	1.0	1.0
230314	73	73	0	0.000e+00	-20.0	1.0	0.918
230315	74	74	0	0.000e+00	-20.0	1.0	1.0
230316	75	75	0	0.000e+00	-20.0	1.0	1.0
230317	76	76	0	0.000e+00	-20.0	1.0	1.0
230318	77	77	0	0.000e+00	-20.0	1.0	1.0
230319	78	78	0	0.000e+00	-20.0	1.0	1.0
230320	79	79	0	0.000e+00	-20.0	1.0	1.0
230321	80	80	0	0.000e+00	-20.0	1.0	1.0
230322	81	81	0	0.000e+00	-20.0	1.0	1.0
230323	82	82	0	0.000e+00	-20.0	1.0	1.0
230324	83	83	0	0.000e+00	-20.0	1.0	0.896
230325	84	84	0	0.000e+00	-20.0	1.0	0.969
230326	85	85	0	0.000e+00	-20.0	1.0	0.989
230327	86	86	0	0.000e+00	-20.0	1.0	0.858
230328	87	87	0	0.000e+00	-20.0	1.0	0.354
230329	88	88	0	0.000e+00	-20.0	1.0	0.337
230330	89	89	0	0.000e+00	-20.0	1.0	0.079
230331	90	90	0	0.000e+00	-20.0	1.0	0.17
230401	91	91	0	0.000e+00	-20.0	1.0	0.061
230402	92	92	0	0.000e+00	-20.0	1.0	1.0
230403	93	93	0	0.000e+00	-20.0	1.0	1.0
230404	94	94	0	0.000e+00	-20.0	1.0	0.797
230405	95	95	13.6	1.744e-07	-20.0	1.0	0.0
230406	96	96	13.6	8.003e-07	-20.0	1.0	0.371
230407	97	97	13.6	2.133e-06	-20.0	0.693	0.315
230408	98	98	0	0.000e+00	-20.0	1.0	0.052
230409	99	99	13.6	1.662e-06	-20.0	1.0	0.297
230410	100	100	13.6	7.033e-07	-20.0	1.0	0.041
230411	101	101	13.6	3.596e-08	-20.0	1.0	0.0
230412	102	102	0	0.000e+00	-20.0	1.0	0.35
230413	103	103	0	0.000e+00	-20.0	1.0	0.163
230414	104	104	0	0.000e+00	-20.0	1.0	0.0
230415	105	105	0	0.000e+00	-20.0	1.0	0.0
230416	106	106	0	0.000e+00	-20.0	1.0	0.209
230417	107	107	0	0.000e+00	-20.0	1.0	0.1
230418	108	108	0	0.000e+00	-20.0	1.0	0.0
230419	109	109	0	0.000e+00	-20.0	1.0	0.635
230420	110	110	0	0.000e+00	-20.0	1.0	0.369
230421	111	111	13.6	3.437e-04	-20.0	1.0	0.209
230422	112	112	13.6	6.851e-03	-20.0	1.0	0.671
230423	113	113	13.6	2.313e-02	-20.0	1.0	0.749
230424	114	114	13.6	1.581e-02	-20.0	1.0	0.459
230425	115	115	13.6	1.423e-03	-16.6	0.619	0.228
230426	116	116	0	0.000e+00	-16.6	0.0	0.0
230427	117	117	13.6	2.176e-02	-20.0	1	1
230428	118	118	13.6	3.395e-02	-20.0	1.0	0.535
230429	119	119	13.6	1.355e-01	-20.0	1.0	0.735
230430	120	120	13.6	1.451e-01	-20.0	1.0	0.664
230501	121	121	13.6	2.464e-01	-20.0	1.0	0.606
230502	122	122	13.6	2.226e-01	-20.0	1.0	0.476
230503	123	123	13.6	2.207e-01	-20.0	1.0	0.382
230504	124	124	13.6	1.444e-05	-20.0	1.0	0.29
230505	125	125	13.6	1.455e-01	-20.0	1.0	0.651
230506	126	126	13.6	4.567e-01	-20.0	1.0	0.708
230507	127	127	13.6	5.993e-01	-20.0	1.0	0.813
230508	128	128	13.6	2.840e-01	-17.8	0.553	0.218
230509	129	129	13.6	8.615e-01	-20.0	1.0	0.737
230510	130	130	13.6	6.754e-01	-20.0	1.0	0.637
230511	131	131	13.6	6.006e-01	-20.0	1.0	0.647
230512	132	132	13.6	5.609e-01	-20.0	1.0	0.687
230513	133	133	13.6	1.613e-01	-20.0	1.0	0.356
230514	134	134	13.6	6.738e-01	-20.0	1.0	0.623
230515	135	135	13.6	8.041e-01	-20.0	1.0	0.596
230516	136	136	13.6	3.224e-01	-20.0	1.0	0.708
230517	137	137	13.6	6.410e-01	-20.0	0.993	0.486
230518	138	138	13.6	8.798e-01	-20.0	1.0	0.826
230519	139	139	13.6	3.534e-01	-20.0	1.0	0.48
230520	140	140	13.6	1.641e-01	-20.0	1.0	0.892
230521	141	141	13.6	3.938e-01	-20.0	1.0	0.464
230522	142	142	13.6	2.528e-01	-20.0	1.0	0.35
230523	143	143	13.6	7.832e-01	-20.0	1.0	0.639
230524	144	144	13.6	1.335e+00	-20.0	1.0	0.789
230525	145	145	13.6	3.093e-01	-20.0	1.0	0.815
230526	146	146	0	0.000e+00	-20.0	1.0	0.373
230527	147	147	0	0.000e+00	-20.0	1.0	0.365
230528	148	148	0	0.000e+00	-20.0	1.0	0.0
230529	149	149	13.6	2.071e-05	-20.0	1.0	0.03
230530	150	150	13.6	6.181e-02	-20.0	1.0	0.312
230531	151	151	13.6	1.013e-01	-20.0	1.0	0.811
230601	152	152	13.6	3.181e-01	-20.0	1.0	0.669
230602	153	153	13.6	5.831e-01	-20.0	1.0	0.748
230603	154	154	13.6	4.957e-01	-20.0	1.0	0.807
230604	155	155	13.6	9.765e-01	-20.0	1.0	0.681
230605	156	156	13.6	9.201e-01	-20.0	1.0	0.797
230606	157	157	13.6	9.060e-01	-20.0	1.0	0.828
230607	158	158	13.6	5.518e-01	-20.0	1.0	0.945
230608	159	159	13.6	7.975e-01	-20.0	1.0	0.5
230609	160	160	13.6	8.152e-01	-20.0	1.0	0.695
230610	161	161	13.6	7.279e-01	-19.3	1.0	0.828
230611	162	162	13.6	1.193e+00	-19.2	1.0	0.75
230612	163	163	13.6	5.631e-01	-19.2	1.0	0.974
230613	164	164	13.6	4.425e-01	-22.0	0.548	0.454
230614	165	165	0	0.000e+00	-11.0	0.0	0.0
230615	166	166	0	0.000e+00	-11.0	0.0	0.0
230616	167	167	0	0.000e+00	-11.0	0.0	0.0
230617	168	168	13.6	5.399e-03	-22.0	1	1
230618	169	169	0	0.000e+00	-11.0	0.0	0.0
230619	170	170	0	0.000e+00	-10.9	0.329	0.098
230620	171	171	0	0.000e+00	-20.4	0.988	0.988
230621	172	172	0	0.000e+00	-22.0	1.0	1.0
230622	173	173	0	0.000e+00	-22.0	1.0	1.0
230623	174	174	0	0.000e+00	-22.0	1.0	1.0
230624	175	175	0	0.000e+00	-22.0	1.0	0.783
230625	176	176	13.6	1.416e-06	-22.0	1.0	0.0
230626	177	177	13.6	2.321e-05	-22.0	1.0	0.012
230627	178	178	13.6	1.009e-05	-22.0	1.0	0.579
230628	179	179	13.6	2.948e-04	-22.0	1.0	0.634
230629	180	180	13.6	5.328e-04	-22.0	1.0	0.928
230630	181	181	13.6	2.809e-02	-22.0	1.0	0.383
230701	182	182	13.6	6.409e-02	-22.0	1.0	0.339
230702	183	183	13.6	2.694e-01	-22.0	1.0	0.576
230703	184	184	13.6	1.806e-01	-22.0	1.0	0.528
230704	185	185	13.6	1.074e+00	-22.0	1.0	0.762
230705	186	186	13.6	9.205e-01	-22.0	1.0	0.813
230706	187	187	13.6	7.910e-01	-22.0	1.0	0.587
230707	188	188	13.6	7.899e-01	-22.0	1.0	0.666
230708	189	189	13.6	1.192e+00	-22.0	1.0	0.836
230709	190	190	13.6	1.166e+00	-22.0	1.0	0.811
230710	191	191	13.6	6.061e-01	-22.0	1.0	0.867
230711	192	192	13.6	6.547e-01	-22.0	1.0	0.712
230712	193	193	13.6	7.448e-01	-22.0	1.0	0.502
230713	194	194	13.6	5.440e-01	-22.0	1.0	0.632
230714	195	195	13.6	5.898e-02	-22.0	1.0	0.587
230715	196	196	13.6	7.066e-01	-22.0	1.0	0.6
230716	197	197	13.6	1.074e+00	-22.0	1.0	0.825
230717	198	198	0	0.000e+00	-22.0	1.0	0.965
230718	199	199	0	0.000e+00	-22.0	1.0	1.0
230719	200	200	0	0.000e+00	-22.0	1.0	1.0
230720	201	201	0	0.000e+00	-22.0	1.0	1.0
230721	202	202	0	0.000e+00	-22.0	1.0	1.0
230722	203	203	0	0.000e+00	-22.0	1.0	1.0
230723	204	204	0	0.000e+00	-22.0	1.0	1.0
230724	205	205	0	0.000e+00	-22.0	1.0	1.0
230725	206	206	0	0.000e+00	-22.0	1.0	1.0
230726	207	207	0	0.000e+00	-22.0	1.0	1.0
230727	208	208	0	0.000e+00	-20.2	0.746	0.69
230728	209	209	0	0.000e+00	-0.5	0.0	0.0
230729	210	210	0	0.000e+00	-0.5	0.0	0.0
230730	211	211	0	0.000e+00	-0.5	0.0	0.0
230731	212	212	0	0.000e+00	-0.5	0.0	0.0
230801	213	213	0	0.000e+00	-0.5	0.0	0.0
230802	214	214	0	0.000e+00	-0.5	0.0	0.0
230803	215	215	0	0.000e+00	-0.5	0.0	0.0
230804	216	216	0	0.000e+00	-0.5	0.0	0.0
230805	217	217	0	0.000e+00	-0.5	0.0	0.0
230806	218	218	0	0.000e+00	-0.5	0.0	0.0
230807	219	219	0	0.000e+00	-0.5	0.0	0.0
230808	220	220	0	0.000e+00	-0.5	0.0	0.0
230809	221	221	0	0.000e+00	-0.6	0.0	0.0
230810	222	222	0	0.000e+00	-0.7	0.0	0.0
230811	223	223	0	0.000e+00	-0.7	0.0	0.0
230812	224	224	0	0.000e+00	-0.7	0.0	0.0
230813	225	225	0	0.000e+00	-0.7	0.0	0.0
230814	226	226	0	0.000e+00	-0.7	0.0	0.0
230815	227	227	0	0.000e+00	-0.7	0.0	0.0
230816	228	228	0	0.000e+00	-0.7	0.0	0.0
230817	229	229	0	0.000e+00	-0.7	0.0	0.0
230818	230	230	0	0.000e+00	-0.9	0.0	0.0
230819	231	231	0	0.000e+00	-0.9	0.0	0.0
230820	232	232	0	0.000e+00	-8.4	0.0	0.0
230821	233	233	0	0.000e+00	-14.9	0.396	0.348
230822	234	234	0	0.000e+00	-22.0	1.0	1.0
230823	235	235	0	0.000e+00	-22.0	1.0	1.0
230824	236	236	0	0.000e+00	-22.0	1.0	1.0
230825	237	237	0	0.000e+00	-22.0	1.0	0.983
230826	238	238	0	0.000e+00	-22.0	1.0	1.0
230827	239	239	0	0.000e+00	-22.0	1.0	1.0
230828	240	240	0	0.000e+00	-22.0	1.0	1.0
230829	241	241	0	0.000e+00	-22.0	1.0	1.0
230830	242	242	0	0.000e+00	-22.0	1.0	0.535
230831	243	243	13.6	1.522e-05	-22.0	1.0	0.162
230901	244	244	13.6	4.303e-07	-22.0	1.0	0.209
230902	245	245	13.6	2.963e-06	-22.0	1.0	0.3
230903	246	246	13.6	2.982e-06	-22.0	1.0	0.207
230904	247	247	13.6	1.225e-05	-22.0	1.0	0.004
230905	248	248	13.6	1.894e-06	-22.0	1.0	0.0
230906	249	249	13.6	6.035e-07	-22.0	1.0	0.545
230907	250	250	13.6	1.157e-04	-22.0	1.0	0.884
230908	251	251	13.6	2.846e-05	-22.0	1.0	0.25
230909	252	252	13.6	2.184e-07	-22.0	1.0	0.0
230910	253	253	13.6	7.803e-06	-22.0	1.0	0.0
230911	254	254	13.6	4.962e-08	-22.0	1.0	0.346
230912	255	255	0	0.000e+00	-22.0	1.0	0.907
230913	256	256	0	0.000e+00	-22.0	1.0	0.37
230914	257	257	13.6	3.387e-08	-22.0	1.0	0.225
230915	258	258	13.6	1.007e-07	-22.0	1.0	0.233
230916	259	259	13.6	5.485e-08	-22.0	1.0	0.283
230917	260	260	13.6	1.210e-07	-22.0	1.0	0.0
230918	261	261	13.6	5.458e-08	-22.0	1.0	0.391
230919	262	262	13.6	4.134e-05	-22.0	1.0	0.0
230920	263	263	13.6	3.981e-04	-22.0	1.0	0.265
230921	264	264	13.6	1.602e-07	-17.9	1	1
230922	265	265	13.6	6.123e-11	-18.6	0.551	0.0
230923	266	266	13.6	3.161e-10	-22.0	1.0	0.0
230924	267	267	13.6	1.053e-13	-22.0	1.0	0.288
230925	268	268	13.6	1.118e-10	-22.0	1.0	0.788
230926	269	269	13.6	2.795e-09	-22.0	1.0	0.128
230927	270	270	13.6	2.182e-08	-22.0	1.0	0.473
230928	271	271	13.6	4.242e-09	-22.0	1.0	0.105
230929	272	272	13.6	1.197e-08	-22.0	1.0	0.393
230930	273	273	13.6	1.166e-08	-22.0	1.0	0.347
231001	274	274	13.6	2.939e-08	-22.0	1.0	0.482
231002	275	275	13.6	2.591e-08	-22.0	1.0	0.576
231003	276	276	13.6	4.630e-08	-22.0	1.0	0.675
231004	277	277	13.6	4.025e-08	-22.0	1.0	0.37
231005	278	278	13.6	7.076e-08	-22.0	1.0	0.513
231006	279	279	13.6	8.868e-08	-22.0	1.0	0.624
231007	280	280	0	0.000e+00	-22.0	1.0	1.0
231008	281	281	0	0.000e+00	-22.0	1.0	1.0
231009	282	282	0	0.000e+00	-22.0	1.0	1.0
231010	283	283	13.6	6.058e-08	-22.0	1.0	0.543
231011	284	284	13.6	1.310e-07	-22.0	1.0	0.505
231012	285	285	13.6	1.228e-07	-22.0	1.0	0.635
231013	286	286	13.6	7.156e-08	-22.0	1.0	0.685
231014	287	287	13.6	2.213e-08	-22.0	1.0	0.904
231015	288	288	13.6	5.182e-08	-22.0	1.0	0.619
231016	289	289	13.6	8.989e-08	-22.0	1.0	0.544
231017	290	290	13.6	1.004e-07	-22.0	1.0	0.531
231018	291	291	13.6	3.172e-08	-22.0	1.0	0.172
231019	292	292	13.6	1.275e-08	-22.0	1.0	0.429
231020	293	293	13.6	1.213e-07	-22.0	1.0	0.58
231021	294	294	13.6	1.309e-07	-22.0	1.0	0.667
231022	295	295	13.6	1.098e-07	-22.0	1.0	0.765
231023	296	296	13.6	1.056e-07	-22.0	1.0	0.603
231024	297	297	13.6	8.704e-08	-22.0	1.0	0.53
231025	298	298	13.6	1.029e-07	-22.0	1.0	0.592
231026	299	299	13.6	1.032e-07	-22.0	1.0	0.628
231027	300	300	13.6	1.122e-07	-22.0	1.0	0.54
231028	301	301	13.6	5.513e-08	-22.0	1.0	0.617
231029	302	302	13.6	1.064e-07	-22.0	1.0	0.764
231030	303	303	13.6	1.214e-09	-22.0	1.0	0.304
231031	304	304	0	0.000e+00	-18.8	0.775	0.758
231101	305	305	0	0.000e+00	-0.6	0.0	0.0
231102	306	306	0	0.000e+00	-0.6	0.0	0.0
231103	307	307	0	0.000e+00	-0.6	0.0	0.0
231104	308	308	0	0.000e+00	-0.6	0.0	0.0
231105	309	309	0	0.000e+00	-0.2	0.0	0.0
231106	310	310	0	0.000e+00	14.5	0.0	0.0
231107	311	311	0	0.000e+00	14.3	0.0	0.0
231108	312	312	0	0.000e+00	14.3	0.0	0.0
231109	313	313	0	0.000e+00	14.2	0.0	0.0
231110	314	314	0	0.000e+00	9.0	0.0	0.0
231111	315	315	0	0.000e+00	9.0	0.0	0.0
231112	316	316	0	0.000e+00	-0.5	0.0	0.0
231113	317	317	0	0.000e+00	-0.5	0.0	0.0
231114	318	318	0	0.000e+00	-0.5	0.0	0.0
231115	319	319	0	0.000e+00	-0.5	0.0	0.0
231116	320	320	0	0.000e+00	-0.5	0.0	0.0
231117	321	321	0	0.000e+00	-0.5	0.0	0.0
231118	322	322	0	0.000e+00	-0.5	0.0	0.0
231119	323	323	0	0.000e+00	-0.5	0.0	0.0
231120	324	324	0	0.000e+00	-0.5	0.0	0.0
231121	325	325	0	0.000e+00	-0.6	0.0	0.0
231122	326	326	0	0.000e+00	-0.6	0.0	0.0
231123	327	327	0	0.000e+00	-0.6	0.0	0.0
231124	328	328	0	0.000e+00	-0.6	0.0	0.0
231125	329	329	0	0.000e+00	-0.6	0.0	0.0
231126	330	330	0	0.000e+00	-0.6	0.0	0.0
231127	331	331	0	0.000e+00	-0.6	0.0	0.0
231128	332	332	0	0.000e+00	-0.6	0.0	0.0
231129	333	333	0	0.000e+00	-0.6	0.0	0.0
231130	334	334	0	0.000e+00	-0.6	0.0	0.0
231201	335	335	0	0.000e+00	-0.6	0.0	0.0
231202	336	336	0	0.000e+00	-0.6	0.0	0.0
231203	337	337	0	0.000e+00	-0.6	0.0	0.0
231204	338	338	0	0.000e+00	-0.6	0.0	0.0
231205	339	339	0	0.000e+00	-0.6	0.0	0.0
231206	340	340	0	0.000e+00	-0.6	0.0	0.0
231207	341	341	0	0.000e+00	-0.4	0.0	0.0
231208	342	342	0	0.000e+00	-0.6	0.0	0.0
231209	343	343	0	0.000e+00	1.7	0.0	0.0
231210	344	344	0	0.000e+00	2.7	0.0	0.0
231211	345	345	0	0.000e+00	3.6	0.0	0.0
231212	346	346	0	0.000e+00	3.2	0.0	0.0
231213	347	347	0	0.000e+00	3.1	0.0	0.0
231214	348	348	0	0.000e+00	3.1	0.0	0.0
231215	349	349	0	0.000e+00	3.3	0.0	0.0
231216	350	350	0	0.000e+00	3.5	0.0	0.0
231217	351	351	0	0.000e+00	3.5	0.0	0.0
231218	352	352	0	0.000e+00	3.5	0.0	0.0
231219	353	353	0	0.000e+00	3.5	0.0	0.0
231220	354	354	0	0.000e+00	3.2	0.0	0.0
231221	355	355	0	0.000e+00	2.9	0.0	0.0
231222	356	356	0	0.000e+00	1.9	0.0	0.0
231223	357	357	0	0.000e+00	1.9	0.0	0.0
231224	358	358	0	0.000e+00	1.9	0.0	0.0
231225	359	359	0	0.000e+00	1.9	0.0	0.0
231226	360	360	0	0.000e+00	1.9	0.0	0.0
231227	361	361	0	0.000e+00	1.9	0.0	0.0
231228	362	362	0	0.000e+00	1.9	0.0	0.0
231229	363	363	0	0.000e+00	1.9	0.0	0.0
231230	364	364	0	0.000e+00	1.9	0.0	0.0
231231	365	365	0	0.000e+00	1.9	0.0	0.0
# Starting new year: 2024
240101	366	1	0	0.000e+00	1.9	0.0	0.0
240102	367	2	0	0.000e+00	1.9	0.0	0.0
240103	368	3	0	0.000e+00	1.9	0.0	0.0
240104	369	4	0	0.000e+00	1.9	0.0	0.0
240105	370	5	0	0.000e+00	1.9	0.0	0.0
240106	371	6	0	0.000e+00	1.9	0.0	0.0
240107	372	7	0	0.000e+00	2.1	0.0	0.0
240108	373	8	0	0.000e+00	2.8	0.0	0.0
240109	374	9	0	0.000e+00	3.0	0.0	0.0
240110	375	10	0	0.000e+00	4.8	0.0	0.0
240111	376	11	0	0.000e+00	7.6	0.0	0.0
240112	377	12	0	0.000e+00	12.1	0.0	0.0
240113	378	13	0	0.000e+00	15.4	0.0	0.0
240114	379	14	0	0.000e+00	16.4	0.0	0.0
240115	380	15	0	0.000e+00	16.3	0.0	0.0
240116	381	16	0	0.000e+00	4.2	0.0	0.0
240117	382	17	0	0.000e+00	0.0	0.0	0.0
240118	383	18	0	0.000e+00	-0.2	0.0	0.0
240119	384	19	0	0.000e+00	-0.3	0.0	0.0
240120	385	20	0	0.000e+00	-0.3	0.0	0.0
240121	386	21	0	0.000e+00	1.4	0.0	0.0
240122	387	22	0	0.000e+00	3.1	0.0	0.0
240123	388	23	0	0.000e+00	3.1	0.0	0.0
240124	389	24	0	0.000e+00	3.2	0.0	0.0
240125	390	25	0	0.000e+00	3.2	0.0	0.0
240126	391	26	0	0.000e+00	3.3	0.0	0.0
240127	392	27	0	0.000e+00	3.4	0.0	0.0
240128	393	28	0	0.000e+00	3.4	0.0	0.0
240129	394	29	0	0.000e+00	4.0	0.0	0.0
240130	395	30	0	0.000e+00	5.6	0.0	0.0
240131	396	31	0	0.000e+00	5.6	0.0	0.0
240201	397	32	0	0.000e+00	5.6	0.0	0.0
240202	398	33	0	0.000e+00	5.2	0.0	0.0
240203	399	34	0	0.000e+00	5.2	0.0	0.0
240204	400	35	0	0.000e+00	4.8	0.0	0.0
240205	401	36	0	0.000e+00	3.7	0.0	0.0
240206	402	37	0	0.000e+00	3.0	0.0	0.0
240207	403	38	0	0.000e+00	2.9	0.0	0.0
240208	404	39	0	0.000e+00	2.9	0.0	0.0
240209	405	40	0	0.000e+00	2.9	0.0	0.0
240210	406	41	0	0.000e+00	2.9	0.0	0.0
240211	407	42	0	0.000e+00	2.9	0.0	0.0
240212	408	43	0	0.000e+00	2.6	0.0	0.0
240213	409	44	0	0.000e+00	-5.9	0.0	0.0
240214	410	45	0	0.000e+00	-5.9	0.0	0.0
240215	411	46	0	0.000e+00	-13.3	0.583	0.505
240216	412	47	0	0.000e+00	-22.0	1.0	1.0
240217	413	48	0	0.000e+00	-22.0	1.0	1.0
240218	414	49	0	0.000e+00	-22.0	1.0	1.0
240219	415	50	0	0.000e+00	-19.7	0.714	0.697
240220	416	51	0	0.000e+00	-9.6	0.303	0.236
240221	417	52	0	0.000e+00	-15.2	1.0	1.0
240222	418	53	0	0.000e+00	-15.3	1.0	1.0
240223	419	54	0	0.000e+00	-22.0	1.0	1.0
240224	420	55	0	0.000e+00	-22.0	1.0	1.0
240225	421	56	0	0.000e+00	-22.0	1.0	1.0
240226	422	57	0	0.000e+00	-22.0	1.0	1.0
240227	423	58	0	0.000e+00	-22.0	1.0	1.0
240228	424	59	0	0.000e+00	-22.0	0.911	0.837
240229	425	60	0	0.000e+00	-22.0	1.0	1.0
240301	426	61	0	0.000e+00	-22.0	1.0	1.0
240302	427	62	0	0.000e+00	-22.0	1.0	1.0
240303	428	63	0	0.000e+00	-22.0	1.0	1.0
240304	429	64	0	0.000e+00	-22.0	1.0	1.0
240305	430	65	0	0.000e+00	-22.0	1.0	0.874
240306	431	66	0	0.000e+00	-22.0	1.0	1.0
240307	432	67	0	0.000e+00	-22.0	1.0	0.519
240308	433	68	0	0.000e+00	-22.0	1.0	0.452
240309	434	69	0	0.000e+00	-22.0	1.0	0.0
240310	435	70	0	0.000e+00	-22.0	1.0	0.0
240311	436	71	0	0.000e+00	-22.0	1.0	0.27
240312	437	72	0	0.000e+00	-22.0	1.0	0.231
240313	438	73	0	0.000e+00	-22.0	1.0	0.0
240314	439	74	0	0.000e+00	-22.0	1.0	0.0
240315	440	75	0	0.000e+00	-22.0	1.0	0.0
240316	441	76	0	0.000e+00	-22.0	1.0	0.0
240317	442	77	0	0.000e+00	-22.0	1.0	0.0
240318	443	78	0	0.000e+00	-22.0	1.0	0.239
240319	444	79	13.6	4.998e-11	-22.0	1.0	0.063
240320	445	80	13.6	1.534e-09	-22.0	1.0	0.335
240321	446	81	13.6	3.173e-07	-22.0	1.0	0.27
240322	447	82	13.6	5.668e-08	-22.0	1.0	0.0
240323	448	83	0	0.000e+00	-22.0	1.0	0.124
240324	449	84	0	0.000e+00	-22.0	1.0	0.05
240325	450	85	0	0.000e+00	-22.0	1.0	0.122
240326	451	86	0	0.000e+00	-22.0	1.0	0.84
240327	452	87	13.6	4.952e-05	-22.0	1.0	0.025
240328	453	88	13.6	7.619e-05	-22.0	1.0	0.0
240329	454	89	0	0.000e+00	-22.0	1.0	0.051
240330	455	90	13.6	2.024e-04	-22.0	1.0	0.742
240331	456	91	13.6	1.034e-04	-22.0	1.0	0.373
240401	457	92	13.6	1.019e-06	-22.0	1.0	0.607
240402	458	93	0	0.000e+00	-22.0	1.0	0.0
240403	459	94	13.6	4.610e-05	-22.0	1.0	0.0
240404	460	95	13.6	1.644e-04	-22.0	1.0	0.0
240405	461	96	13.6	2.765e-04	-22.0	1.0	0.226
240406	462	97	13.6	3.271e-03	-22.0	1.0	0.61
240407	463	98	13.6	1.102e-02	-22.0	1.0	0.869
240408	464	99	13.6	7.359e-03	-22.0	1.0	0.866
240409	465	100	13.6	9.340e-03	-22.0	1.0	0.359
240410	466	101	13.6	3.825e-02	-22.0	1.0	0.297
240411	467	102	13.6	5.501e-02	-22.0	1.0	0.259
240412	468	103	13.6	1.289e-01	-22.0	1.0	0.357
240413	469	104	13.6	3.971e-01	-22.0	1.0	0.856
240414	470	105	13.6	2.633e-01	-22.0	1.0	0.449
240415	471	106	13.6	4.523e-01	-22.0	1.0	0.756
240416	472	107	13.6	1.843e-01	-22.0	1.0	0.377
240417	473	108	13.6	2.047e-01	-22.0	1.0	0.67
240418	474	109	13.6	7.837e-01	-22.0	1.0	0.613
240419	475	110	13.6	6.349e-01	-22.0	1.0	0.484
240420	476	111	13.6	6.802e-01	-22.0	1.0	0.912
240421	477	112	13.6	1.055e-01	-22.0	1.0	0.909
240422	478	113	0	0.000e+00	-22.0	1.0	1.0
240423	479	114	13.6	1.240e-01	-22.0	1.0	0.605
240424	480	115	13.6	1.728e-01	-22.0	1.0	1.0
240425	481	116	13.6	4.446e-01	-22.0	1.0	0.807
240426	482	117	13.6	8.812e-01	-22.0	1.0	0.673
240427	483	118	13.6	1.119e+00	-22.0	1.0	0.799
240428	484	119	13.6	6.434e-01	-22.0	1.0	0.914
240429	485	120	13.6	6.942e-01	-22.0	1.0	0.898
240430	486	121	13.6	7.915e-01	-22.0	1.0	0.625
240501	487	122	13.6	3.814e-01	-22.0	1.0	0.436
240502	488	123	13.6	2.926e-01	-22.0	1.0	0.288
240503	489	124	13.6	9.576e-01	-22.0	1.0	0.631
240504	490	125	13.6	8.754e-01	-22.0	1.0	0.821
240505	491	126	13.6	9.873e-01	-22.0	1.0	0.798
240506	492	127	13.6	9.445e-01	-22.0	1.0	0.67
240507	493	128	13.6	1.051e+00	-22.0	1.0	0.9
240508	494	129	13.6	6.350e-01	-22.0	1.0	0.689
240509	495	130	13.6	1.096e+00	-22.0	1.0	0.875
240510	496	131	13.6	7.114e-01	-22.0	1.0	0.926
240511	497	132	13.6	2.357e-01	-22.0	1.0	0.934
240512	498	133	13.6	6.384e-01	-22.0	1.0	0.849
240513	499	134	13.6	3.889e-01	-22.0	0.984	0.264
240514	500	135	13.6	1.928e-05	-22.0	0.964	0.256
240515	501	136	0	0.000e+00	-22.0	1.0	0.0
240516	502	137	13.6	2.706e-04	-22.0	1.0	0.353
240517	503	138	13.6	9.255e-04	-22.0	1.0	1.0
240518	504	139	13.6	2.099e-04	-22.0	1.0	0.545
240519	505	140	13.6	1.971e-02	-22.0	1.0	0.458
240520	506	141	13.6	8.214e-01	-22.0	1.0	0.712
240521	507	142	13.6	1.760e-01	-22.0	1.0	0.741
240522	508	143	13.6	1.005e+00	-22.0	1.0	0.711
240523	509	144	13.6	1.182e+00	-22.0	1.0	0.729
240524	510	145	13.6	1.090e+00	-22.0	1.0	0.87
240525	511	146	13.6	1.290e+00	-22.0	1.0	0.847
240526	512	147	13.6	2.190e-01	-22.0	1.0	0.86
240527	513	148	13.6	5.251e-01	-22.0	1.0	0.84
240528	514	149	13.6	3.739e-01	-22.0	1.0	0.406
240529	515	150	13.6	1.143e+00	-22.0	1.0	0.827
240530	516	151	13.6	9.938e-01	-22.0	1.0	0.933
240531	517	152	13.6	7.497e-01	-22.0	1.0	0.875
240601	518	153	13.6	6.861e-01	-22.0	1.0	0.682
240602	519	154	13.6	7.315e-01	-22.0	1.0	0.736
240603	520	155	13.6	8.905e-01	-22.0	1.0	0.446
240604	521	156	13.6	1.312e+00	-22.0	1.0	0.899
240605	522	157	13.6	3.301e-01	-22.0	1.0	0.532
240606	523	158	13.6	5.784e-04	-22.0	1.0	0.241
240607	524	159	0	0.000e+00	-22.0	1.0	0.0
240608	525	160	0	0.000e+00	-22.0	1.0	0.0
240609	526	161	0	0.000e+00	-21.4	1.0	0.0
240610	527	162	0	0.000e+00	-25.0	1.0	0.574
240611	528	163	0	0.000e+00	-25.0	1.0	1.0
240612	529	164	0	0.000e+00	-25.0	1.0	1.0
240613	530	165	0	0.000e+00	-25.0	1.0	1.0
240614	531	166	0	0.000e+00	-25.0	1.0	0.767
240615	532	167	0	0.000e+00	-25.0	1.0	0.203
240616	533	168	13.6	6.642e-05	-25.0	1.0	0.135
240617	534	169	13.6	1.851e-05	-25.0	1.0	0.361
240618	535	170	13.6	7.387e-06	-25.0	1.0	0.643
240619	536	171	13.6	8.234e-03	-25.0	1.0	0.299
240620	537	172	13.6	3.480e-01	-25.0	1.0	0.72
240621	538	173	13.6	1.065e+00	-25.0	1.0	0.617
240622	539	174	13.6	9.452e-01	-25.0	1.0	0.847
240623	540	175	13.6	7.950e-01	-25.0	1.0	0.852
240624	541	176	13.6	3.519e-01	-25.0	1.0	0.371
240625	542	177	0	0.000e+00	-25.0	1.0	0.206
240626	543	178	0	0.000e+00	-10.2	0.245	0.245
240627	544	179	13.6	1.656e-01	-25.0	1	0.314
240628	545	180	13.6	4.875e-03	-25.0	1.0	0.957
240629	546	181	13.6	9.082e-01	-25.0	1.0	0.723
240630	547	182	13.6	1.198e+00	-25.0	1.0	0.81
240701	548	183	13.6	6.646e-01	-25.0	1.0	0.74
240702	549	184	13.6	8.487e-01	-25.0	1.0	0.81
240703	550	185	13.6	9.575e-01	-25.0	1.0	0.703
240704	551	186	13.6	6.507e-01	-25.0	1.0	0.824
240705	552	187	13.6	1.179e+00	-25.0	1.0	0.795
240706	553	188	13.6	5.068e-01	-25.0	1.0	0.772
240707	554	189	13.6	7.979e-01	-25.0	1.0	0.621
240708	555	190	13.6	8.263e-01	-25.0	1.0	0.911
240709	556	191	13.6	1.158e+00	-25.0	1.0	0.799
240710	557	192	13.6	3.269e-01	-25.0	1.0	0.732
240711	558	193	13.6	3.923e-01	-25.0	1.0	0.686
240712	559	194	13.6	8.859e-03	-25.0	1.0	0.781
240713	560	195	13.6	9.152e-01	-25.0	1.0	0.788
240714	561	196	13.6	1.197e+00	-25.0	1.0	0.736
240715	562	197	13.6	5.905e-01	-25.0	1.0	0.673
240716	563	198	13.6	1.211e+00	-25.0	1.0	0.691
240717	564	199	13.6	1.042e+00	-25.0	1.0	0.856
240718	565	200	13.6	1.064e+00	-25.0	1.0	0.891
240719	566	201	13.6	1.412e-01	-25.0	1.0	0.676
240720	567	202	13.6	1.002e+00	-25.0	1.0	0.759
240721	568	203	13.6	1.402e+00	-25.0	1.0	0.911
240722	569	204	13.6	1.180e+00	-25.0	1.0	0.843
240723	570	205	13.6	9.771e-01	-25.0	1.0	0.698
240724	571	206	13.6	2.750e-01	-25.0	1.0	0.737
240725	572	207	13.6	1.275e+00	-25.0	1.0	0.838
240726	573	208	13.6	1.156e+00	-25.0	1.0	0.732
240727	574	209	13.6	1.157e+00	-25.0	1.0	0.905
240728	575	210	13.6	1.321e+00	-25.0	1.0	0.838
240729	576	211	13.6	1.335e+00	-25.0	1.0	0.698
240730	577	212	13.6	1.093e+00	-25.0	1.0	0.722
240731	578	213	13.6	6.398e-01	-25.0	1.0	0.8
240801	579	214	13.6	4.881e-01	-25.0	1.0	0.605
240802	580	215	13.6	1.310e+00	-25.0	1.0	0.933
240803	581	216	13.6	1.052e+00	-25.0	1.0	0.792
240804	582	217	13.6	1.385e+00	-25.0	1.0	0.862
240805	583	218	13.6	8.020e-01	-25.0	1.0	0.928
240806	584	219	13.6	6.469e-01	-25.0	1.0	0.684
240807	585	220	13.6	1.451e+00	-25.0	1.0	0.914
240808	586	221	13.6	9.148e-01	-25.0	1.0	0.697
240809	587	222	13.6	1.254e+00	-23.4	0.936	0.767
240810	588	223	13.6	4.518e-01	-25.0	1	1
240811	589	224	13.6	9.593e-01	-25.0	1.0	0.733
240812	590	225	13.6	1.054e+00	-25.0	1.0	0.824
240813	591	226	13.6	1.170e+00	-25.0	1.0	0.655
240814	592	227	13.6	8.469e-01	-25.0	1.0	0.809
240815	593	228	13.6	1.468e+00	-25.0	1.0	0.823
240816	594	229	13.6	3.597e-01	-25.0	1.0	0.778
240817	595	230	13.6	1.045e+00	-25.0	1.0	0.777
240818	596	231	13.6	1.156e+00	-25.0	1.0	0.743
240819	597	232	13.6	2.796e-01	-25.0	1.0	0.259
240820	598	233	13.6	8.595e-05	-25.0	1.0	0.0
240821	599	234	0	0.000e+00	-25.0	1.0	0.0
240822	600	235	0	0.000e+00	-25.0	1.0	0.0
240823	601	236	13.6	3.620e-01	-25.0	1.0	0.214
240824	602	237	13.6	1.232e+00	-25.0	1.0	0.862
240825	603	238	13.6	1.415e+00	-25.0	1.0	0.853
240826	604	239	13.6	6.818e-01	-25.0	1.0	0.733
240827	605	240	13.6	3.958e-02	-25.0	1.0	0.992
240828	606	241	13.6	2.498e-01	-25.0	1.0	0.797
240829	607	242	13.6	1.054e+00	-25.0	1.0	0.811
240830	608	243	13.6	1.003e+00	-25.0	1.0	0.767
240831	609	244	13.6	1.324e+00	-25.0	1.0	0.725
240901	610	245	13.6	1.080e+00	-25.0	1.0	0.84
240902	611	246	13.6	2.405e-01	-25.0	1.0	1.0
240903	612	247	13.6	6.448e-01	-25.0	1.0	0.713
240904	613	248	13.6	1.060e+00	-25.0	1.0	0.85
240905	614	249	13.6	8.313e-01	-25.0	1.0	0.675
240906	615	250	13.6	1.296e+00	-25.0	1.0	0.746
240907	616	251	13.6	1.185e+00	-25.0	1.0	0.748
240908	617	252	13.6	1.239e+00	-25.0	1.0	0.836
240909	618	253	13.6	1.299e+00	-25.0	1.0	0.805
240910	619	254	13.6	1.223e+00	-25.0	1.0	0.784
240911	620	255	13.6	3.756e-01	-25.0	1.0	0.565
240912	621	256	13.6	1.461e+00	-25.0	1.0	0.873
240913	622	257	13.6	4.310e-01	-25.0	1.0	0.674
240914	623	258	13.6	1.297e+00	-25.0	1.0	0.856
240915	624	259	13.6	1.394e+00	-25.0	1.0	0.865
240916	625	260	13.6	9.036e-01	-25.0	1.0	0.786
240917	626	261	13.6	1.149e+00	-25.0	1.0	0.833
240918	627	262	13.6	1.309e+00	-25.0	1.0	0.842
240919	628	263	13.6	5.134e-01	-25.0	1.0	0.385
240920	629	264	13.6	1.270e+00	-25.0	1.0	0.849
240921	630	265	13.6	8.456e-01	-25.0	1.0	0.871
240922	631	266	13.6	7.070e-01	-25.0	1.0	0.734
240923	632	267	13.6	2.263e-02	-25.0	1.0	1.0
240924	633	268	0	0.000e+00	-25.0	1.0	1.0
240925	634	269	13.6	9.513e-02	-25.0	1.0	0.894
240926	635	270	13.6	5.224e-01	-25.0	1.0	0.689
240927	636	271	13.6	6.600e-05	-25.0	1.0	0.0
240928	637	272	13.6	4.654e-02	-25.0	1.0	0.0
240929	638	273	13.6	1.984e-08	-25.0	1.0	0.0
240930	639	274	0	0.000e+00	-25.0	1.0	0.0
241001	640	275	0	0.000e+00	-25.0	1.0	0.565
241002	641	276	13.6	6.914e-01	-25.0	1.0	0.735
241003	642	277	13.6	7.442e-01	-25.0	1.0	0.639
241004	643	278	13.6	1.112e+00	-25.0	1.0	0.832
241005	644	279	13.6	1.062e+00	-25.0	1.0	0.925
241006	645	280	13.6	1.190e+00	-25.0	1.0	0.685
241007	646	281	13.6	1.165e+00	-25.0	1.0	0.739
241008	647	282	13.6	1.228e+00	-25.0	1.0	0.827
241009	648	283	13.6	9.968e-01	-25.0	1.0	0.752
241010	649	284	13.6	4.246e-01	-25.0	1.0	0.607
241011	650	285	0	0.000e+00	-25.0	1.0	0.944
241012	651	286	13.6	1.516e+00	-25.0	1.0	0.816
241013	652	287	13.6	6.728e-01	-25.0	1.0	0.797
241014	653	288	13.6	6.142e-01	-25.0	1.0	0.514
241015	654	289	13.6	9.559e-01	-25.0	1.0	0.682
241016	655	290	13.6	6.618e-01	-25.0	1.0	0.417
241017	656	291	0	0.000e+00	-20.2	0.73	0.0
241018	657	292	0	0.000e+00	3.2	0.0	0.0
241019	658	293	0	0.000e+00	2.9	0.0	0.0
241020	659	294	0	0.000e+00	2.9	0.0	0.0
241021	660	295	0	0.000e+00	-5.1	0.446	0.0
241022	661	296	0	0.000e+00	-25.0	1.0	0.563
241023	662	297	0	0.000e+00	-25.0	1.0	0.708
241024	663	298	0	0.000e+00	-25.0	1.0	0.589
241025	664	299	0	0.000e+00	-25.0	1.0	0.018
241026	665	300	13.6	3.369e-06	-25.0	1.0	0.0
241027	666	301	13.6	1.891e-06	-25.0	1.0	0.0
241028	667	302	13.6	1.033e-03	-25.0	1.0	0.418
241029	668	303	13.6	1.117e-03	-25.0	1.0	0.735
241030	669	304	13.6	7.694e-02	-25.0	1.0	0.762
241031	670	305	13.6	1.016e-01	-25.0	1.0	0.812
241101	671	306	13.6	1.026e-01	-25.0	1.0	0.859
241102	672	307	13.6	8.875e-02	-25.0	1.0	0.726
241103	673	308	13.6	1.023e-01	-25.0	1.0	0.935
241104	674	309	13.6	5.076e-02	-25.0	1.0	0.436
241105	675	310	13.6	1.533e-09	-25.0	1.0	0.191
241106	676	311	13.6	1.198e-08	-25.0	1.0	0.28
241107	677	312	13.6	3.455e-08	-25.0	1.0	0.616
241108	678	313	13.6	8.258e-09	-25.0	1.0	0.726
241109	679	314	13.6	8.647e-08	-25.0	1.0	0.657
241110	680	315	13.6	1.530e-07	-25.0	1.0	0.543
241111	681	316	13.6	9.537e-08	-25.0	1.0	0.486
241112	682	317	13.6	1.231e-07	-25.0	1.0	0.799
241113	683	318	13.6	5.645e-08	-25.0	1.0	0.841
241114	684	319	13.6	5.834e-08	-25.0	1.0	0.149
241115	685	320	13.6	1.618e-07	-25.0	1.0	0.629
241116	686	321	13.6	2.550e-07	-25.0	1.0	0.747
241117	687	322	13.6	1.981e-07	-25.0	1.0	0.712
241118	688	323	13.6	8.379e-08	-25.0	1.0	0.284
241119	689	324	13.6	1.296e-07	-25.0	1.0	0.481
241120	690	325	13.6	6.667e-08	-25.0	1.0	0.845
241121	691	326	13.6	1.925e-07	-25.0	1.0	0.595
241122	692	327	13.6	1.607e-07	-25.0	1.0	0.492
241123	693	328	13.6	6.084e-08	-25.0	1.0	0.865
241124	694	329	0	0.000e+00	-25.0	1.0	0.591
241125	695	330	0	0.000e+00	-17.5	0.701	0.18
241126	696	331	0	0.000e+00	3.1	0.0	0.0
241127	697	332	0	0.000e+00	4.0	0.0	0.0
241128	698	333	0	0.000e+00	4.1	0.0	0.0
241129	699	334	0	0.000e+00	3.9	0.0	0.0
241130	700	335	0	0.000e+00	4.0	0.0	0.0
241201	701	336	0	0.000e+00	4.1	0.0	0.0
241202	702	337	0	0.000e+00	3.8	0.0	0.0
241203	703	338	0	0.000e+00	4.4	0.0	0.0
241204	704	339	0	0.000e+00	5.3	0.0	0.0
241205	705	340	0	0.000e+00	4.1	0.0	0.0
241206	706	341	0	0.000e+00	4.1	0.0	0.0
241207	707	342	0	0.000e+00	4.1	0.0	0.0
241208	708	343	0	0.000e+00	4.1	0.0	0.0
241209	709	344	0	0.000e+00	4.6	0.0	0.0
241210	710	345	0	0.000e+00	14.3	0.0	0.0
241211	711	346	0	0.000e+00	13.7	0.0	0.0
241212	712	347	0	0.000e+00	6.9	0.0	0.0
241213	713	348	0	0.000e+00	5.7	0.0	0.0
241214	714	349	0	0.000e+00	4.6	0.0	0.0
241215	715	350	0	0.000e+00	4.3	0.0	0.0
241216	716	351	0	0.000e+00	4.0	0.0	0.0
241217	717	352	0	0.000e+00	4.0	0.0	0.0
241218	718	353	0	0.000e+00	4.3	0.0	0.0
241219	719	354	0	0.000e+00	3.0	0.0	0.0
241220	720	355	0	0.000e+00	2.3	0.0	0.0
241221	721	356	0	0.000e+00	2.3	0.0	0.0
241222	722	357	0	0.000e+00	2.2	0.0	0.0
241223	723	358	0	0.000e+00	2.2	0.0	0.0
241224	724	359	0	0.000e+00	2.2	0.0	0.0
241225	725	360	0	0.000e+00	2.2	0.0	0.0
241226	726	361	0	0.000e+00	2.2	0.0	0.0
241227	727	362	0	0.000e+00	2.1	0.0	0.0
241228	728	363	0	0.000e+00	2.1	0.0	0.0
241229	729	364	0	0.000e+00	2.1	0.0	0.0
241230	730	365	0	0.000e+00	2.1	0.0	0.0
241231	731	366	0	0.000e+00	2.1	0.0	0.0
