Starting new year: 2023
1 1 0 0.000e+00 3.4 0.0 0.0
2 2 0 0.000e+00 3.4 0.0 0.0
3 3 0 0.000e+00 3.4 0.0 0.0
4 4 0 0.000e+00 3.4 0.0 0.0
5 5 0 0.000e+00 3.4 0.0 0.0
6 6 0 0.000e+00 3.6 0.0 0.0
7 7 0 0.000e+00 3.6 0.0 0.0
8 8 0 0.000e+00 3.6 0.0 0.0
9 9 0 0.000e+00 3.6 0.0 0.0
10 10 0 0.000e+00 3.6 0.0 0.0
11 11 0 0.000e+00 4.2 0.0 0.0
12 12 0 0.000e+00 4.4 0.0 0.0
13 13 0 0.000e+00 3.6 0.0 0.0
14 14 0 0.000e+00 3.6 0.0 0.0
15 15 0 0.000e+00 3.6 0.0 0.0
16 16 0 0.000e+00 3.6 0.0 0.0
17 17 0 0.000e+00 3.6 0.0 0.0
18 18 0 0.000e+00 3.6 0.0 0.0
19 19 0 0.000e+00 3.5 0.0 0.0
20 20 0 0.000e+00 3.8 0.0 0.0
21 21 0 0.000e+00 3.8 0.0 0.0
22 22 0 0.000e+00 3.8 0.0 0.0
23 23 0 0.000e+00 3.7 0.0 0.0
24 24 0 0.000e+00 2.3 0.0 0.0
25 25 0 0.000e+00 2.3 0.0 0.0
26 26 0 0.000e+00 -1.4 0.0 0.0
27 27 0 0.000e+00 -15.1 0.0 0.0
28 28 0 0.000e+00 -15.1 0.0 0.0
29 29 0 0.000e+00 -15.1 0.0 0.0
30 30 0 0.000e+00 -12.1 0.0 0.0
31 31 0 0.000e+00 2.2 0.0 0.0
32 32 0 0.000e+00 2.2 0.0 0.0
33 33 0 0.000e+00 -0.5 0.0 0.0
34 34 0 0.000e+00 -0.5 0.0 0.0
35 35 0 0.000e+00 -0.5 0.0 0.0
36 36 0 0.000e+00 -0.5 0.0 0.0
37 37 0 0.000e+00 -0.5 0.0 0.0
38 38 0 0.000e+00 -0.5 0.0 0.0
39 39 0 0.000e+00 -0.5 0.0 0.0
40 40 0 0.000e+00 -0.5 0.0 0.0
41 41 0 0.000e+00 -0.5 0.0 0.0
42 42 0 0.000e+00 -0.5 0.0 0.0
43 43 0 0.000e+00 -0.5 0.0 0.0
44 44 0 0.000e+00 -0.5 0.0 0.0
45 45 0 0.000e+00 -0.6 0.0 0.0
46 46 0 0.000e+00 -0.5 0.0 0.0
47 47 0 0.000e+00 2.9 0.0 0.0
48 48 0 0.000e+00 0.6 0.0 0.0
49 49 0 0.000e+00 0.3 0.0 0.0
50 50 0 0.000e+00 -6.4 0.0 0.0
51 51 0 0.000e+00 -15.2 0.558 0.481
52 52 0 0.000e+00 -15.2 1.0 1.0
53 53 0 0.000e+00 -20.0 1.0 1.0
54 54 0 0.000e+00 -20.0 1.0 1.0
55 55 0 0.000e+00 -16.3 0.334 0.334
56 56 0 0.000e+00 -16.3 0.0 0.0
57 57 0 0.000e+00 -0.2 0.0 0.0
58 58 0 0.000e+00 10.4 0.0 0.0
59 59 0 0.000e+00 15.0 0.0 0.0
60 60 0 0.000e+00 8.7 0.0 0.0
61 61 0 0.000e+00 -9.3 0.426 0.259
62 62 0 0.000e+00 -20.0 1.0 1.0
63 63 0 0.000e+00 -20.0 1.0 1.0
64 64 0 0.000e+00 -20.0 1.0 1.0
65 65 0 0.000e+00 -20.0 1.0 1.0
66 66 0 0.000e+00 -20.0 1.0 1.0
67 67 0 0.000e+00 -20.0 1.0 1.0
68 68 0 0.000e+00 -20.0 1.0 1.0
69 69 0 0.000e+00 -20.0 0.718 0.641
70 70 0 0.000e+00 -20.0 1.0 1.0
71 71 0 0.000e+00 -20.0 1.0 1.0
72 72 0 0.000e+00 -20.0 1.0 1.0
73 73 0 0.000e+00 -20.0 1.0 0.918
74 74 0 0.000e+00 -20.0 1.0 1.0
75 75 0 0.000e+00 -20.0 1.0 1.0
76 76 0 0.000e+00 -20.0 1.0 1.0
77 77 0 0.000e+00 -20.0 1.0 1.0
78 78 0 0.000e+00 -20.0 1.0 1.0
79 79 0 0.000e+00 -20.0 1.0 1.0
80 80 0 0.000e+00 -20.0 1.0 1.0
81 81 0 0.000e+00 -20.0 1.0 1.0
82 82 0 0.000e+00 -20.0 1.0 1.0
83 83 0 0.000e+00 -20.0 1.0 0.896
84 84 0 0.000e+00 -20.0 1.0 0.969
85 85 0 0.000e+00 -20.0 1.0 0.989
86 86 0 0.000e+00 -20.0 1.0 0.858
87 87 0 0.000e+00 -20.0 1.0 0.354
88 88 0 0.000e+00 -20.0 1.0 0.337
89 89 0 0.000e+00 -20.0 1.0 0.079
90 90 0 0.000e+00 -20.0 1.0 0.17
91 91 0 0.000e+00 -20.0 1.0 0.061
92 92 0 0.000e+00 -20.0 1.0 1.0
93 93 0 0.000e+00 -20.0 1.0 1.0
94 94 0 0.000e+00 -20.0 1.0 0.797
95 95 13.6 1.744e-07 -20.0 1.0 0.0
96 96 13.6 8.003e-07 -20.0 1.0 0.371
97 97 13.6 2.133e-06 -20.0 0.693 0.315
98 98 0 0.000e+00 -20.0 1.0 0.052
99 99 13.6 1.662e-06 -20.0 1.0 0.297
100 100 13.6 7.033e-07 -20.0 1.0 0.041
101 101 13.6 3.596e-08 -20.0 1.0 0.0
102 102 0 0.000e+00 -20.0 1.0 0.35
103 103 0 0.000e+00 -20.0 1.0 0.163
104 104 0 0.000e+00 -20.0 1.0 0.0
105 105 0 0.000e+00 -20.0 1.0 0.0
106 106 0 0.000e+00 -20.0 1.0 0.209
107 107 0 0.000e+00 -20.0 1.0 0.1
108 108 0 0.000e+00 -20.0 1.0 0.0
109 109 0 0.000e+00 -20.0 1.0 0.635
110 110 0 0.000e+00 -20.0 1.0 0.369
111 111 13.6 3.437e-04 -20.0 1.0 0.209
112 112 13.6 6.851e-03 -20.0 1.0 0.671
113 113 13.6 2.313e-02 -20.0 1.0 0.749
114 114 13.6 1.581e-02 -20.0 1.0 0.459
115 115 13.6 1.423e-03 -16.6 0.619 0.228
116 116 0 0.000e+00 -16.6 0.0 0.0
117 117 13.6 2.176e-02 -20.0 1 1
118 118 13.6 3.395e-02 -20.0 1.0 0.535
119 119 13.6 1.355e-01 -20.0 1.0 0.735
120 120 13.6 1.451e-01 -20.0 1.0 0.664
121 121 13.6 2.464e-01 -20.0 1.0 0.606
122 122 13.6 2.226e-01 -20.0 1.0 0.476
123 123 13.6 2.207e-01 -20.0 1.0 0.382
124 124 13.6 1.444e-05 -20.0 1.0 0.29
125 125 13.6 1.455e-01 -20.0 1.0 0.651
126 126 13.6 4.567e-01 -20.0 1.0 0.708
127 127 13.6 5.993e-01 -20.0 1.0 0.813
128 128 13.6 2.840e-01 -17.8 0.553 0.218
129 129 13.6 8.615e-01 -20.0 1.0 0.737
130 130 13.6 6.754e-01 -20.0 1.0 0.637
131 131 13.6 6.006e-01 -20.0 1.0 0.647
132 132 13.6 5.609e-01 -20.0 1.0 0.687
133 133 13.6 1.613e-01 -20.0 1.0 0.356
134 134 13.6 6.738e-01 -20.0 1.0 0.623
135 135 13.6 8.041e-01 -20.0 1.0 0.596
136 136 13.6 3.224e-01 -20.0 1.0 0.708
137 137 13.6 6.410e-01 -20.0 0.993 0.486
138 138 13.6 8.798e-01 -20.0 1.0 0.826
139 139 13.6 3.534e-01 -20.0 1.0 0.48
140 140 13.6 1.641e-01 -20.0 1.0 0.892
141 141 13.6 3.938e-01 -20.0 1.0 0.464
142 142 13.6 2.528e-01 -20.0 1.0 0.35
143 143 13.6 7.832e-01 -20.0 1.0 0.639
144 144 13.6 1.335e+00 -20.0 1.0 0.789
145 145 13.6 3.093e-01 -20.0 1.0 0.815
146 146 0 0.000e+00 -20.0 1.0 0.373
147 147 0 0.000e+00 -20.0 1.0 0.365
148 148 0 0.000e+00 -20.0 1.0 0.0
149 149 13.6 2.071e-05 -20.0 1.0 0.03
150 150 13.6 6.181e-02 -20.0 1.0 0.312
151 151 13.6 1.013e-01 -20.0 1.0 0.811
152 152 13.6 3.181e-01 -20.0 1.0 0.669
153 153 13.6 5.831e-01 -20.0 1.0 0.748
154 154 13.6 4.957e-01 -20.0 1.0 0.807
155 155 13.6 9.765e-01 -20.0 1.0 0.681
156 156 13.6 9.201e-01 -20.0 1.0 0.797
157 157 13.6 9.060e-01 -20.0 1.0 0.828
158 158 13.6 5.518e-01 -20.0 1.0 0.945
159 159 13.6 7.975e-01 -20.0 1.0 0.5
160 160 13.6 8.152e-01 -20.0 1.0 0.695
161 161 13.6 7.279e-01 -19.3 1.0 0.828
162 162 13.6 1.193e+00 -19.2 1.0 0.75
163 163 13.6 5.631e-01 -19.2 1.0 0.974
164 164 13.6 4.425e-01 -22.0 0.548 0.454
165 165 0 0.000e+00 -11.0 0.0 0.0
166 166 0 0.000e+00 -11.0 0.0 0.0
167 167 0 0.000e+00 -11.0 0.0 0.0
168 168 13.6 5.399e-03 -22.0 1 1
169 169 0 0.000e+00 -11.0 0.0 0.0
170 170 0 0.000e+00 -10.9 0.329 0.098
171 171 0 0.000e+00 -20.4 0.988 0.988
172 172 0 0.000e+00 -22.0 1.0 1.0
173 173 0 0.000e+00 -22.0 1.0 1.0
174 174 0 0.000e+00 -22.0 1.0 1.0
175 175 0 0.000e+00 -22.0 1.0 0.783
176 176 13.6 1.416e-06 -22.0 1.0 0.0
177 177 13.6 2.321e-05 -22.0 1.0 0.012
178 178 13.6 1.009e-05 -22.0 1.0 0.579
179 179 13.6 2.948e-04 -22.0 1.0 0.634
180 180 13.6 5.328e-04 -22.0 1.0 0.928
181 181 13.6 2.809e-02 -22.0 1.0 0.383
182 182 13.6 6.409e-02 -22.0 1.0 0.339
183 183 13.6 2.694e-01 -22.0 1.0 0.576
184 184 13.6 1.806e-01 -22.0 1.0 0.528
185 185 13.6 1.074e+00 -22.0 1.0 0.762
186 186 13.6 9.205e-01 -22.0 1.0 0.813
187 187 13.6 7.910e-01 -22.0 1.0 0.587
188 188 13.6 7.899e-01 -22.0 1.0 0.666
189 189 13.6 1.192e+00 -22.0 1.0 0.836
190 190 13.6 1.166e+00 -22.0 1.0 0.811
191 191 13.6 6.061e-01 -22.0 1.0 0.867
192 192 13.6 6.547e-01 -22.0 1.0 0.712
193 193 13.6 7.448e-01 -22.0 1.0 0.502
194 194 13.6 5.440e-01 -22.0 1.0 0.632
195 195 13.6 5.898e-02 -22.0 1.0 0.587
196 196 13.6 7.066e-01 -22.0 1.0 0.6
197 197 13.6 1.074e+00 -22.0 1.0 0.825
198 198 0 0.000e+00 -22.0 1.0 0.965
199 199 0 0.000e+00 -22.0 1.0 1.0
200 200 0 0.000e+00 -22.0 1.0 1.0
201 201 0 0.000e+00 -22.0 1.0 1.0
202 202 0 0.000e+00 -22.0 1.0 1.0
203 203 0 0.000e+00 -22.0 1.0 1.0
204 204 0 0.000e+00 -22.0 1.0 1.0
205 205 0 0.000e+00 -22.0 1.0 1.0
206 206 0 0.000e+00 -22.0 1.0 1.0
207 207 0 0.000e+00 -22.0 1.0 1.0
208 208 0 0.000e+00 -20.2 0.746 0.69
209 209 0 0.000e+00 -0.5 0.0 0.0
210 210 0 0.000e+00 -0.5 0.0 0.0
211 211 0 0.000e+00 -0.5 0.0 0.0
212 212 0 0.000e+00 -0.5 0.0 0.0
213 213 0 0.000e+00 -0.5 0.0 0.0
214 214 0 0.000e+00 -0.5 0.0 0.0
215 215 0 0.000e+00 -0.5 0.0 0.0
216 216 0 0.000e+00 -0.5 0.0 0.0
217 217 0 0.000e+00 -0.5 0.0 0.0
218 218 0 0.000e+00 -0.5 0.0 0.0
219 219 0 0.000e+00 -0.5 0.0 0.0
220 220 0 0.000e+00 -0.5 0.0 0.0
221 221 0 0.000e+00 -0.6 0.0 0.0
222 222 0 0.000e+00 -0.7 0.0 0.0
223 223 0 0.000e+00 -0.7 0.0 0.0
224 224 0 0.000e+00 -0.7 0.0 0.0
225 225 0 0.000e+00 -0.7 0.0 0.0
226 226 0 0.000e+00 -0.7 0.0 0.0
227 227 0 0.000e+00 -0.7 0.0 0.0
228 228 0 0.000e+00 -0.7 0.0 0.0
229 229 0 0.000e+00 -0.7 0.0 0.0
230 230 0 0.000e+00 -0.9 0.0 0.0
231 231 0 0.000e+00 -0.9 0.0 0.0
232 232 0 0.000e+00 -8.4 0.0 0.0
233 233 0 0.000e+00 -14.9 0.396 0.348
234 234 0 0.000e+00 -22.0 1.0 1.0
235 235 0 0.000e+00 -22.0 1.0 1.0
236 236 0 0.000e+00 -22.0 1.0 1.0
237 237 0 0.000e+00 -22.0 1.0 0.983
238 238 0 0.000e+00 -22.0 1.0 1.0
239 239 0 0.000e+00 -22.0 1.0 1.0
240 240 0 0.000e+00 -22.0 1.0 1.0
241 241 0 0.000e+00 -22.0 1.0 1.0
242 242 0 0.000e+00 -22.0 1.0 0.535
243 243 13.6 1.522e-05 -22.0 1.0 0.162
244 244 13.6 4.303e-07 -22.0 1.0 0.209
245 245 13.6 2.963e-06 -22.0 1.0 0.3
246 246 13.6 2.982e-06 -22.0 1.0 0.207
247 247 13.6 1.225e-05 -22.0 1.0 0.004
248 248 13.6 1.894e-06 -22.0 1.0 0.0
249 249 13.6 6.035e-07 -22.0 1.0 0.545
250 250 13.6 1.157e-04 -22.0 1.0 0.884
251 251 13.6 2.846e-05 -22.0 1.0 0.25
252 252 13.6 2.184e-07 -22.0 1.0 0.0
253 253 13.6 7.803e-06 -22.0 1.0 0.0
254 254 13.6 4.962e-08 -22.0 1.0 0.346
255 255 0 0.000e+00 -22.0 1.0 0.907
256 256 0 0.000e+00 -22.0 1.0 0.37
257 257 13.6 3.387e-08 -22.0 1.0 0.225
258 258 13.6 1.007e-07 -22.0 1.0 0.233
259 259 13.6 5.485e-08 -22.0 1.0 0.283
260 260 13.6 1.210e-07 -22.0 1.0 0.0
261 261 13.6 5.458e-08 -22.0 1.0 0.391
262 262 13.6 4.134e-05 -22.0 1.0 0.0
263 263 13.6 3.981e-04 -22.0 1.0 0.265
264 264 13.6 1.602e-07 -17.9 1 1
265 265 13.6 6.123e-11 -18.6 0.551 0.0
266 266 13.6 3.161e-10 -22.0 1.0 0.0
267 267 13.6 1.053e-13 -22.0 1.0 0.288
268 268 13.6 1.118e-10 -22.0 1.0 0.788
269 269 13.6 2.795e-09 -22.0 1.0 0.128
270 270 13.6 2.182e-08 -22.0 1.0 0.473
271 271 13.6 4.242e-09 -22.0 1.0 0.105
272 272 13.6 1.197e-08 -22.0 1.0 0.393
273 273 13.6 1.166e-08 -22.0 1.0 0.347
274 274 13.6 2.939e-08 -22.0 1.0 0.482
275 275 13.6 2.591e-08 -22.0 1.0 0.576
276 276 13.6 4.630e-08 -22.0 1.0 0.675
277 277 13.6 4.025e-08 -22.0 1.0 0.37
278 278 13.6 7.076e-08 -22.0 1.0 0.513
279 279 13.6 8.868e-08 -22.0 1.0 0.624
280 280 0 0.000e+00 -22.0 1.0 1.0
281 281 0 0.000e+00 -22.0 1.0 1.0
282 282 0 0.000e+00 -22.0 1.0 1.0
283 283 13.6 6.058e-08 -22.0 1.0 0.543
284 284 13.6 1.310e-07 -22.0 1.0 0.505
285 285 13.6 1.228e-07 -22.0 1.0 0.635
286 286 13.6 7.156e-08 -22.0 1.0 0.685
287 287 13.6 2.213e-08 -22.0 1.0 0.904
288 288 13.6 5.182e-08 -22.0 1.0 0.619
289 289 13.6 8.989e-08 -22.0 1.0 0.544
290 290 13.6 1.004e-07 -22.0 1.0 0.531
291 291 13.6 3.172e-08 -22.0 1.0 0.172
292 292 13.6 1.275e-08 -22.0 1.0 0.429
293 293 13.6 1.213e-07 -22.0 1.0 0.58
294 294 13.6 1.309e-07 -22.0 1.0 0.667
295 295 13.6 1.098e-07 -22.0 1.0 0.765
296 296 13.6 1.056e-07 -22.0 1.0 0.603
297 297 13.6 8.704e-08 -22.0 1.0 0.53
298 298 13.6 1.029e-07 -22.0 1.0 0.592
299 299 13.6 1.032e-07 -22.0 1.0 0.628
300 300 13.6 1.122e-07 -22.0 1.0 0.54
301 301 13.6 5.513e-08 -22.0 1.0 0.617
302 302 13.6 1.064e-07 -22.0 1.0 0.764
303 303 13.6 1.214e-09 -22.0 1.0 0.304
304 304 0 0.000e+00 -18.8 0.775 0.758
305 305 0 0.000e+00 -0.6 0.0 0.0
306 306 0 0.000e+00 -0.6 0.0 0.0
307 307 0 0.000e+00 -0.6 0.0 0.0
308 308 0 0.000e+00 -0.6 0.0 0.0
309 309 0 0.000e+00 -0.2 0.0 0.0
310 310 0 0.000e+00 14.5 0.0 0.0
311 311 0 0.000e+00 14.3 0.0 0.0
312 312 0 0.000e+00 14.3 0.0 0.0
313 313 0 0.000e+00 14.2 0.0 0.0
314 314 0 0.000e+00 9.0 0.0 0.0
315 315 0 0.000e+00 9.0 0.0 0.0
316 316 0 0.000e+00 -0.5 0.0 0.0
317 317 0 0.000e+00 -0.5 0.0 0.0
318 318 0 0.000e+00 -0.5 0.0 0.0
319 319 0 0.000e+00 -0.5 0.0 0.0
320 320 0 0.000e+00 -0.5 0.0 0.0
321 321 0 0.000e+00 -0.5 0.0 0.0
322 322 0 0.000e+00 -0.5 0.0 0.0
323 323 0 0.000e+00 -0.5 0.0 0.0
324 324 0 0.000e+00 -0.5 0.0 0.0
325 325 0 0.000e+00 -0.6 0.0 0.0
326 326 0 0.000e+00 -0.6 0.0 0.0
327 327 0 0.000e+00 -0.6 0.0 0.0
328 328 0 0.000e+00 -0.6 0.0 0.0
329 329 0 0.000e+00 -0.6 0.0 0.0
330 330 0 0.000e+00 -0.6 0.0 0.0
331 331 0 0.000e+00 -0.6 0.0 0.0
332 332 0 0.000e+00 -0.6 0.0 0.0
333 333 0 0.000e+00 -0.6 0.0 0.0
334 334 0 0.000e+00 -0.6 0.0 0.0
335 335 0 0.000e+00 -0.6 0.0 0.0
336 336 0 0.000e+00 -0.6 0.0 0.0
337 337 0 0.000e+00 -0.6 0.0 0.0
338 338 0 0.000e+00 -0.6 0.0 0.0
339 339 0 0.000e+00 -0.6 0.0 0.0
340 340 0 0.000e+00 -0.6 0.0 0.0
341 341 0 0.000e+00 -0.4 0.0 0.0
342 342 0 0.000e+00 -0.6 0.0 0.0
343 343 0 0.000e+00 1.7 0.0 0.0
344 344 0 0.000e+00 2.7 0.0 0.0
345 345 0 0.000e+00 3.6 0.0 0.0
346 346 0 0.000e+00 3.2 0.0 0.0
347 347 0 0.000e+00 3.1 0.0 0.0
348 348 0 0.000e+00 3.1 0.0 0.0
349 349 0 0.000e+00 3.3 0.0 0.0
350 350 0 0.000e+00 3.5 0.0 0.0
351 351 0 0.000e+00 3.5 0.0 0.0
352 352 0 0.000e+00 3.5 0.0 0.0
353 353 0 0.000e+00 3.5 0.0 0.0
354 354 0 0.000e+00 3.2 0.0 0.0
355 355 0 0.000e+00 2.9 0.0 0.0
356 356 0 0.000e+00 1.9 0.0 0.0
357 357 0 0.000e+00 1.9 0.0 0.0
358 358 0 0.000e+00 1.9 0.0 0.0
359 359 0 0.000e+00 1.9 0.0 0.0
360 360 0 0.000e+00 1.9 0.0 0.0
361 361 0 0.000e+00 1.9 0.0 0.0
362 362 0 0.000e+00 1.9 0.0 0.0
363 363 0 0.000e+00 1.9 0.0 0.0
364 364 0 0.000e+00 1.9 0.0 0.0
365 365 0 0.000e+00 1.9 0.0 0.0
Starting new year: 2024
366 1 0 0.000e+00 1.9 0.0 0.0
367 2 0 0.000e+00 1.9 0.0 0.0
368 3 0 0.000e+00 1.9 0.0 0.0
369 4 0 0.000e+00 1.9 0.0 0.0
370 5 0 0.000e+00 1.9 0.0 0.0
371 6 0 0.000e+00 1.9 0.0 0.0
372 7 0 0.000e+00 2.1 0.0 0.0
373 8 0 0.000e+00 2.8 0.0 0.0
374 9 0 0.000e+00 3.0 0.0 0.0
375 10 0 0.000e+00 4.8 0.0 0.0
376 11 0 0.000e+00 7.6 0.0 0.0
377 12 0 0.000e+00 12.1 0.0 0.0
378 13 0 0.000e+00 15.4 0.0 0.0
379 14 0 0.000e+00 16.4 0.0 0.0
380 15 0 0.000e+00 16.3 0.0 0.0
381 16 0 0.000e+00 4.2 0.0 0.0
382 17 0 0.000e+00 0.0 0.0 0.0
383 18 0 0.000e+00 -0.2 0.0 0.0
384 19 0 0.000e+00 -0.3 0.0 0.0
385 20 0 0.000e+00 -0.3 0.0 0.0
386 21 0 0.000e+00 1.4 0.0 0.0
387 22 0 0.000e+00 3.1 0.0 0.0
388 23 0 0.000e+00 3.1 0.0 0.0
389 24 0 0.000e+00 3.2 0.0 0.0
390 25 0 0.000e+00 3.2 0.0 0.0
391 26 0 0.000e+00 3.3 0.0 0.0
392 27 0 0.000e+00 3.4 0.0 0.0
393 28 0 0.000e+00 3.4 0.0 0.0
394 29 0 0.000e+00 4.0 0.0 0.0
395 30 0 0.000e+00 5.6 0.0 0.0
396 31 0 0.000e+00 5.6 0.0 0.0
397 32 0 0.000e+00 5.6 0.0 0.0
398 33 0 0.000e+00 5.2 0.0 0.0
399 34 0 0.000e+00 5.2 0.0 0.0
400 35 0 0.000e+00 4.8 0.0 0.0
401 36 0 0.000e+00 3.7 0.0 0.0
402 37 0 0.000e+00 3.0 0.0 0.0
403 38 0 0.000e+00 2.9 0.0 0.0
404 39 0 0.000e+00 2.9 0.0 0.0
405 40 0 0.000e+00 2.9 0.0 0.0
406 41 0 0.000e+00 2.9 0.0 0.0
407 42 0 0.000e+00 2.9 0.0 0.0
408 43 0 0.000e+00 2.6 0.0 0.0
409 44 0 0.000e+00 -5.9 0.0 0.0
410 45 0 0.000e+00 -5.9 0.0 0.0
411 46 0 0.000e+00 -13.3 0.583 0.505
412 47 0 0.000e+00 -22.0 1.0 1.0
413 48 0 0.000e+00 -22.0 1.0 1.0
414 49 0 0.000e+00 -22.0 1.0 1.0
415 50 0 0.000e+00 -19.7 0.714 0.697
416 51 0 0.000e+00 -9.6 0.303 0.236
417 52 0 0.000e+00 -15.2 1.0 1.0
418 53 0 0.000e+00 -15.3 1.0 1.0
419 54 0 0.000e+00 -22.0 1.0 1.0
420 55 0 0.000e+00 -22.0 1.0 1.0
421 56 0 0.000e+00 -22.0 1.0 1.0
422 57 0 0.000e+00 -22.0 1.0 1.0
423 58 0 0.000e+00 -22.0 1.0 1.0
424 59 0 0.000e+00 -22.0 0.911 0.837
425 60 0 0.000e+00 -22.0 1.0 1.0
426 61 0 0.000e+00 -22.0 1.0 1.0
427 62 0 0.000e+00 -22.0 1.0 1.0
428 63 0 0.000e+00 -22.0 1.0 1.0
429 64 0 0.000e+00 -22.0 1.0 1.0
430 65 0 0.000e+00 -22.0 1.0 0.874
431 66 0 0.000e+00 -22.0 1.0 1.0
432 67 0 0.000e+00 -22.0 1.0 0.519
433 68 0 0.000e+00 -22.0 1.0 0.452
434 69 0 0.000e+00 -22.0 1.0 0.0
435 70 0 0.000e+00 -22.0 1.0 0.0
436 71 0 0.000e+00 -22.0 1.0 0.27
437 72 0 0.000e+00 -22.0 1.0 0.231
438 73 0 0.000e+00 -22.0 1.0 0.0
439 74 0 0.000e+00 -22.0 1.0 0.0
440 75 0 0.000e+00 -22.0 1.0 0.0
441 76 0 0.000e+00 -22.0 1.0 0.0
442 77 0 0.000e+00 -22.0 1.0 0.0
443 78 0 0.000e+00 -22.0 1.0 0.239
444 79 13.6 4.998e-11 -22.0 1.0 0.063
445 80 13.6 1.534e-09 -22.0 1.0 0.335
446 81 13.6 3.173e-07 -22.0 1.0 0.27
447 82 13.6 5.668e-08 -22.0 1.0 0.0
448 83 0 0.000e+00 -22.0 1.0 0.124
449 84 0 0.000e+00 -22.0 1.0 0.05
450 85 0 0.000e+00 -22.0 1.0 0.122
451 86 0 0.000e+00 -22.0 1.0 0.84
452 87 13.6 4.952e-05 -22.0 1.0 0.025
453 88 13.6 7.619e-05 -22.0 1.0 0.0
454 89 0 0.000e+00 -22.0 1.0 0.051
455 90 13.6 2.024e-04 -22.0 1.0 0.742
456 91 13.6 1.034e-04 -22.0 1.0 0.373
457 92 13.6 1.019e-06 -22.0 1.0 0.607
458 93 0 0.000e+00 -22.0 1.0 0.0
459 94 13.6 4.610e-05 -22.0 1.0 0.0
460 95 13.6 1.644e-04 -22.0 1.0 0.0
461 96 13.6 2.765e-04 -22.0 1.0 0.226
462 97 13.6 3.271e-03 -22.0 1.0 0.61
463 98 13.6 1.102e-02 -22.0 1.0 0.869
464 99 13.6 7.359e-03 -22.0 1.0 0.866
465 100 13.6 9.340e-03 -22.0 1.0 0.359
466 101 13.6 3.825e-02 -22.0 1.0 0.297
467 102 13.6 5.501e-02 -22.0 1.0 0.259
468 103 13.6 1.289e-01 -22.0 1.0 0.357
469 104 13.6 3.971e-01 -22.0 1.0 0.856
470 105 13.6 2.633e-01 -22.0 1.0 0.449
471 106 13.6 4.523e-01 -22.0 1.0 0.756
472 107 13.6 1.843e-01 -22.0 1.0 0.377
473 108 13.6 2.047e-01 -22.0 1.0 0.67
474 109 13.6 7.837e-01 -22.0 1.0 0.613
475 110 13.6 6.349e-01 -22.0 1.0 0.484
476 111 13.6 6.802e-01 -22.0 1.0 0.912
477 112 13.6 1.055e-01 -22.0 1.0 0.909
478 113 0 0.000e+00 -22.0 1.0 1.0
479 114 13.6 1.240e-01 -22.0 1.0 0.605
480 115 13.6 1.728e-01 -22.0 1.0 1.0
481 116 13.6 4.446e-01 -22.0 1.0 0.807
482 117 13.6 8.812e-01 -22.0 1.0 0.673
483 118 13.6 1.119e+00 -22.0 1.0 0.799
484 119 13.6 6.434e-01 -22.0 1.0 0.914
485 120 13.6 6.942e-01 -22.0 1.0 0.898
486 121 13.6 7.915e-01 -22.0 1.0 0.625
487 122 13.6 3.814e-01 -22.0 1.0 0.436
488 123 13.6 2.926e-01 -22.0 1.0 0.288
489 124 13.6 9.576e-01 -22.0 1.0 0.631
490 125 13.6 8.754e-01 -22.0 1.0 0.821
491 126 13.6 9.873e-01 -22.0 1.0 0.798
492 127 13.6 9.445e-01 -22.0 1.0 0.67
493 128 13.6 1.051e+00 -22.0 1.0 0.9
494 129 13.6 6.350e-01 -22.0 1.0 0.689
495 130 13.6 1.096e+00 -22.0 1.0 0.875
496 131 13.6 7.114e-01 -22.0 1.0 0.926
497 132 13.6 2.357e-01 -22.0 1.0 0.934
498 133 13.6 6.384e-01 -22.0 1.0 0.849
499 134 13.6 3.889e-01 -22.0 0.984 0.264
500 135 13.6 1.928e-05 -22.0 0.964 0.256
501 136 0 0.000e+00 -22.0 1.0 0.0
502 137 13.6 2.706e-04 -22.0 1.0 0.353
503 138 13.6 9.255e-04 -22.0 1.0 1.0
504 139 13.6 2.099e-04 -22.0 1.0 0.545
505 140 13.6 1.971e-02 -22.0 1.0 0.458
506 141 13.6 8.214e-01 -22.0 1.0 0.712
507 142 13.6 1.760e-01 -22.0 1.0 0.741
508 143 13.6 1.005e+00 -22.0 1.0 0.711
509 144 13.6 1.182e+00 -22.0 1.0 0.729
510 145 13.6 1.090e+00 -22.0 1.0 0.87
511 146 13.6 1.290e+00 -22.0 1.0 0.847
512 147 13.6 2.190e-01 -22.0 1.0 0.86
513 148 13.6 5.251e-01 -22.0 1.0 0.84
514 149 13.6 3.739e-01 -22.0 1.0 0.406
515 150 13.6 1.143e+00 -22.0 1.0 0.827
516 151 13.6 9.938e-01 -22.0 1.0 0.933
517 152 13.6 7.497e-01 -22.0 1.0 0.875
518 153 13.6 6.861e-01 -22.0 1.0 0.682
519 154 13.6 7.315e-01 -22.0 1.0 0.736
520 155 13.6 8.905e-01 -22.0 1.0 0.446
521 156 13.6 1.312e+00 -22.0 1.0 0.899
522 157 13.6 3.301e-01 -22.0 1.0 0.532
523 158 13.6 5.784e-04 -22.0 1.0 0.241
524 159 0 0.000e+00 -22.0 1.0 0.0
525 160 0 0.000e+00 -22.0 1.0 0.0
526 161 0 0.000e+00 -21.4 1.0 0.0
527 162 0 0.000e+00 -25.0 1.0 0.574
528 163 0 0.000e+00 -25.0 1.0 1.0
529 164 0 0.000e+00 -25.0 1.0 1.0
530 165 0 0.000e+00 -25.0 1.0 1.0
531 166 0 0.000e+00 -25.0 1.0 0.767
532 167 0 0.000e+00 -25.0 1.0 0.203
533 168 13.6 6.642e-05 -25.0 1.0 0.135
534 169 13.6 1.851e-05 -25.0 1.0 0.361
535 170 13.6 7.387e-06 -25.0 1.0 0.643
536 171 13.6 8.234e-03 -25.0 1.0 0.299
537 172 13.6 3.480e-01 -25.0 1.0 0.72
538 173 13.6 1.065e+00 -25.0 1.0 0.617
539 174 13.6 9.452e-01 -25.0 1.0 0.847
540 175 13.6 7.950e-01 -25.0 1.0 0.852
541 176 13.6 3.519e-01 -25.0 1.0 0.371
542 177 0 0.000e+00 -25.0 1.0 0.206
543 178 0 0.000e+00 -10.2 0.245 0.245
544 179 13.6 1.656e-01 -25.0 1 0.314
545 180 13.6 4.875e-03 -25.0 1.0 0.957
546 181 13.6 9.082e-01 -25.0 1.0 0.723
547 182 13.6 1.198e+00 -25.0 1.0 0.81
548 183 13.6 6.646e-01 -25.0 1.0 0.74
549 184 13.6 8.487e-01 -25.0 1.0 0.81
550 185 13.6 9.575e-01 -25.0 1.0 0.703
551 186 13.6 6.507e-01 -25.0 1.0 0.824
552 187 13.6 1.179e+00 -25.0 1.0 0.795
553 188 13.6 5.068e-01 -25.0 1.0 0.772
554 189 13.6 7.979e-01 -25.0 1.0 0.621
555 190 13.6 8.263e-01 -25.0 1.0 0.911
556 191 13.6 1.158e+00 -25.0 1.0 0.799
557 192 13.6 3.269e-01 -25.0 1.0 0.732
558 193 13.6 3.923e-01 -25.0 1.0 0.686
559 194 13.6 8.859e-03 -25.0 1.0 0.781
560 195 13.6 9.152e-01 -25.0 1.0 0.788
561 196 13.6 1.197e+00 -25.0 1.0 0.736
562 197 13.6 5.905e-01 -25.0 1.0 0.673
563 198 13.6 1.211e+00 -25.0 1.0 0.691
564 199 13.6 1.042e+00 -25.0 1.0 0.856
565 200 13.6 1.064e+00 -25.0 1.0 0.891
566 201 13.6 1.412e-01 -25.0 1.0 0.676
567 202 13.6 1.002e+00 -25.0 1.0 0.759
568 203 13.6 1.402e+00 -25.0 1.0 0.911
569 204 13.6 1.180e+00 -25.0 1.0 0.843
570 205 13.6 9.771e-01 -25.0 1.0 0.698
571 206 13.6 2.750e-01 -25.0 1.0 0.737
572 207 13.6 1.275e+00 -25.0 1.0 0.838
573 208 13.6 1.156e+00 -25.0 1.0 0.732
574 209 13.6 1.157e+00 -25.0 1.0 0.905
575 210 13.6 1.321e+00 -25.0 1.0 0.838
576 211 13.6 1.335e+00 -25.0 1.0 0.698
577 212 13.6 1.093e+00 -25.0 1.0 0.722
578 213 13.6 6.398e-01 -25.0 1.0 0.8
579 214 13.6 4.881e-01 -25.0 1.0 0.605
580 215 13.6 1.310e+00 -25.0 1.0 0.933
581 216 13.6 1.052e+00 -25.0 1.0 0.792
582 217 13.6 1.385e+00 -25.0 1.0 0.862
583 218 13.6 8.020e-01 -25.0 1.0 0.928
584 219 13.6 6.469e-01 -25.0 1.0 0.684
585 220 13.6 1.451e+00 -25.0 1.0 0.914
586 221 13.6 9.148e-01 -25.0 1.0 0.697
587 222 13.6 1.254e+00 -23.4 0.936 0.767
588 223 13.6 4.518e-01 -25.0 1 1
589 224 13.6 9.593e-01 -25.0 1.0 0.733
590 225 13.6 1.054e+00 -25.0 1.0 0.824
591 226 13.6 1.170e+00 -25.0 1.0 0.655
592 227 13.6 8.469e-01 -25.0 1.0 0.809
593 228 13.6 1.468e+00 -25.0 1.0 0.823
594 229 13.6 3.597e-01 -25.0 1.0 0.778
595 230 13.6 1.045e+00 -25.0 1.0 0.777
596 231 13.6 1.156e+00 -25.0 1.0 0.743
597 232 13.6 2.796e-01 -25.0 1.0 0.259
598 233 13.6 8.595e-05 -25.0 1.0 0.0
599 234 0 0.000e+00 -25.0 1.0 0.0
600 235 0 0.000e+00 -25.0 1.0 0.0
601 236 13.6 3.620e-01 -25.0 1.0 0.214
602 237 13.6 1.232e+00 -25.0 1.0 0.862
603 238 13.6 1.415e+00 -25.0 1.0 0.853
604 239 13.6 6.818e-01 -25.0 1.0 0.733
605 240 13.6 3.958e-02 -25.0 1.0 0.992
606 241 13.6 2.498e-01 -25.0 1.0 0.797
607 242 13.6 1.054e+00 -25.0 1.0 0.811
608 243 13.6 1.003e+00 -25.0 1.0 0.767
609 244 13.6 1.324e+00 -25.0 1.0 0.725
610 245 13.6 1.080e+00 -25.0 1.0 0.84
611 246 13.6 2.405e-01 -25.0 1.0 1.0
612 247 13.6 6.448e-01 -25.0 1.0 0.713
613 248 13.6 1.060e+00 -25.0 1.0 0.85
614 249 13.6 8.313e-01 -25.0 1.0 0.675
615 250 13.6 1.296e+00 -25.0 1.0 0.746
616 251 13.6 1.185e+00 -25.0 1.0 0.748
617 252 13.6 1.239e+00 -25.0 1.0 0.836
618 253 13.6 1.299e+00 -25.0 1.0 0.805
619 254 13.6 1.223e+00 -25.0 1.0 0.784
620 255 13.6 3.756e-01 -25.0 1.0 0.565
621 256 13.6 1.461e+00 -25.0 1.0 0.873
622 257 13.6 4.310e-01 -25.0 1.0 0.674
623 258 13.6 1.297e+00 -25.0 1.0 0.856
624 259 13.6 1.394e+00 -25.0 1.0 0.865
625 260 13.6 9.036e-01 -25.0 1.0 0.786
626 261 13.6 1.149e+00 -25.0 1.0 0.833
627 262 13.6 1.309e+00 -25.0 1.0 0.842
628 263 13.6 5.134e-01 -25.0 1.0 0.385
629 264 13.6 1.270e+00 -25.0 1.0 0.849
630 265 13.6 8.456e-01 -25.0 1.0 0.871
631 266 13.6 7.070e-01 -25.0 1.0 0.734
632 267 13.6 2.263e-02 -25.0 1.0 1.0
633 268 0 0.000e+00 -25.0 1.0 1.0
634 269 13.6 9.513e-02 -25.0 1.0 0.894
635 270 13.6 5.224e-01 -25.0 1.0 0.689
636 271 13.6 6.600e-05 -25.0 1.0 0.0
637 272 13.6 4.654e-02 -25.0 1.0 0.0
638 273 13.6 1.984e-08 -25.0 1.0 0.0
639 274 0 0.000e+00 -25.0 1.0 0.0
640 275 0 0.000e+00 -25.0 1.0 0.565
641 276 13.6 6.914e-01 -25.0 1.0 0.735
642 277 13.6 7.442e-01 -25.0 1.0 0.639
643 278 13.6 1.112e+00 -25.0 1.0 0.832
644 279 13.6 1.062e+00 -25.0 1.0 0.925
645 280 13.6 1.190e+00 -25.0 1.0 0.685
646 281 13.6 1.165e+00 -25.0 1.0 0.739
647 282 13.6 1.228e+00 -25.0 1.0 0.827
648 283 13.6 9.968e-01 -25.0 1.0 0.752
649 284 13.6 4.246e-01 -25.0 1.0 0.607
650 285 0 0.000e+00 -25.0 1.0 0.944
651 286 13.6 1.516e+00 -25.0 1.0 0.816
652 287 13.6 6.728e-01 -25.0 1.0 0.797
653 288 13.6 6.142e-01 -25.0 1.0 0.514
654 289 13.6 9.559e-01 -25.0 1.0 0.682
655 290 13.6 6.618e-01 -25.0 1.0 0.417
656 291 0 0.000e+00 -20.2 0.73 0.0
657 292 0 0.000e+00 3.2 0.0 0.0
658 293 0 0.000e+00 2.9 0.0 0.0
659 294 0 0.000e+00 2.9 0.0 0.0
660 295 0 0.000e+00 -5.1 0.446 0.0
661 296 0 0.000e+00 -25.0 1.0 0.563
662 297 0 0.000e+00 -25.0 1.0 0.708
663 298 0 0.000e+00 -25.0 1.0 0.589
664 299 0 0.000e+00 -25.0 1.0 0.018
665 300 13.6 3.369e-06 -25.0 1.0 0.0
666 301 13.6 1.891e-06 -25.0 1.0 0.0
667 302 13.6 1.033e-03 -25.0 1.0 0.418
668 303 13.6 1.117e-03 -25.0 1.0 0.735
669 304 13.6 7.694e-02 -25.0 1.0 0.762
670 305 13.6 1.016e-01 -25.0 1.0 0.812
671 306 13.6 1.026e-01 -25.0 1.0 0.859
672 307 13.6 8.875e-02 -25.0 1.0 0.726
673 308 13.6 1.023e-01 -25.0 1.0 0.935
674 309 13.6 5.076e-02 -25.0 1.0 0.436
675 310 13.6 1.533e-09 -25.0 1.0 0.191
676 311 13.6 1.198e-08 -25.0 1.0 0.28
677 312 13.6 3.455e-08 -25.0 1.0 0.616
678 313 13.6 8.258e-09 -25.0 1.0 0.726
679 314 13.6 8.647e-08 -25.0 1.0 0.657
680 315 13.6 1.530e-07 -25.0 1.0 0.543
681 316 13.6 9.537e-08 -25.0 1.0 0.486
682 317 13.6 1.231e-07 -25.0 1.0 0.799
683 318 13.6 5.645e-08 -25.0 1.0 0.841
684 319 13.6 5.834e-08 -25.0 1.0 0.149
685 320 13.6 1.618e-07 -25.0 1.0 0.629
686 321 13.6 2.550e-07 -25.0 1.0 0.747
687 322 13.6 1.981e-07 -25.0 1.0 0.712
688 323 13.6 8.379e-08 -25.0 1.0 0.284
689 324 13.6 1.296e-07 -25.0 1.0 0.481
690 325 13.6 6.667e-08 -25.0 1.0 0.845
691 326 13.6 1.925e-07 -25.0 1.0 0.595
692 327 13.6 1.607e-07 -25.0 1.0 0.492
693 328 13.6 6.084e-08 -25.0 1.0 0.865
694 329 0 0.000e+00 -25.0 1.0 0.591
695 330 0 0.000e+00 -17.5 0.701 0.18
696 331 0 0.000e+00 3.1 0.0 0.0
697 332 0 0.000e+00 4.0 0.0 0.0
698 333 0 0.000e+00 4.1 0.0 0.0
699 334 0 0.000e+00 3.9 0.0 0.0
700 335 0 0.000e+00 4.0 0.0 0.0
701 336 0 0.000e+00 4.1 0.0 0.0
702 337 0 0.000e+00 3.8 0.0 0.0
703 338 0 0.000e+00 4.4 0.0 0.0
704 339 0 0.000e+00 5.3 0.0 0.0
705 340 0 0.000e+00 4.1 0.0 0.0
706 341 0 0.000e+00 4.1 0.0 0.0
707 342 0 0.000e+00 4.1 0.0 0.0
708 343 0 0.000e+00 4.1 0.0 0.0
709 344 0 0.000e+00 4.6 0.0 0.0
710 345 0 0.000e+00 14.3 0.0 0.0
711 346 0 0.000e+00 13.7 0.0 0.0
712 347 0 0.000e+00 6.9 0.0 0.0
713 348 0 0.000e+00 5.7 0.0 0.0
714 349 0 0.000e+00 4.6 0.0 0.0
715 350 0 0.000e+00 4.3 0.0 0.0
716 351 0 0.000e+00 4.0 0.0 0.0
717 352 0 0.000e+00 4.0 0.0 0.0
718 353 0 0.000e+00 4.3 0.0 0.0
719 354 0 0.000e+00 3.0 0.0 0.0
720 355 0 0.000e+00 2.3 0.0 0.0
721 356 0 0.000e+00 2.3 0.0 0.0
722 357 0 0.000e+00 2.2 0.0 0.0
723 358 0 0.000e+00 2.2 0.0 0.0
724 359 0 0.000e+00 2.2 0.0 0.0
725 360 0 0.000e+00 2.2 0.0 0.0
726 361 0 0.000e+00 2.2 0.0 0.0
727 362 0 0.000e+00 2.1 0.0 0.0
728 363 0 0.000e+00 2.1 0.0 0.0
729 364 0 0.000e+00 2.1 0.0 0.0
730 365 0 0.000e+00 2.1 0.0 0.0
731 366 0 0.000e+00 2.1 0.0 0.0
