Starting new year: 2023
4661 1 0 0.000e+00 3.4 0.0 0.0
4662 2 0 0.000e+00 3.4 0.0 0.0
4663 3 0 0.000e+00 3.4 0.0 0.0
4664 4 0 0.000e+00 3.4 0.0 0.0
4665 5 0 0.000e+00 3.4 0.0 0.0
4666 6 0 0.000e+00 3.6 0.0 0.0
4667 7 0 0.000e+00 3.6 0.0 0.0
4668 8 0 0.000e+00 3.6 0.0 0.0
4669 9 0 0.000e+00 3.6 0.0 0.0
4670 10 0 0.000e+00 3.6 0.0 0.0
4671 11 0 0.000e+00 4.2 0.0 0.0
4672 12 0 0.000e+00 4.4 0.0 0.0
4673 13 0 0.000e+00 3.6 0.0 0.0
4674 14 0 0.000e+00 3.6 0.0 0.0
4675 15 0 0.000e+00 3.6 0.0 0.0
4676 16 0 0.000e+00 3.6 0.0 0.0
4677 17 0 0.000e+00 3.6 0.0 0.0
4678 18 0 0.000e+00 3.6 0.0 0.0
4679 19 0 0.000e+00 3.5 0.0 0.0
4680 20 0 0.000e+00 3.8 0.0 0.0
4681 21 0 0.000e+00 3.8 0.0 0.0
4682 22 0 0.000e+00 3.8 0.0 0.0
4683 23 0 0.000e+00 3.7 0.0 0.0
4684 24 0 0.000e+00 2.3 0.0 0.0
4685 25 0 0.000e+00 2.3 0.0 0.0
4686 26 0 0.000e+00 -1.4 0.0 0.0
4687 27 0 0.000e+00 -15.1 0.0 0.0
4688 28 0 0.000e+00 -15.1 0.0 0.0
4689 29 0 0.000e+00 -15.1 0.0 0.0
4690 30 0 0.000e+00 -12.1 0.0 0.0
4691 31 0 0.000e+00 2.2 0.0 0.0
4692 32 0 0.000e+00 2.2 0.0 0.0
4693 33 0 0.000e+00 -0.5 0.0 0.0
4694 34 0 0.000e+00 -0.5 0.0 0.0
4695 35 0 0.000e+00 -0.5 0.0 0.0
4696 36 0 0.000e+00 -0.5 0.0 0.0
4697 37 0 0.000e+00 -0.5 0.0 0.0
4698 38 0 0.000e+00 -0.5 0.0 0.0
4699 39 0 0.000e+00 -0.5 0.0 0.0
4700 40 0 0.000e+00 -0.5 0.0 0.0
4701 41 0 0.000e+00 -0.5 0.0 0.0
4702 42 0 0.000e+00 -0.5 0.0 0.0
4703 43 0 0.000e+00 -0.5 0.0 0.0
4704 44 0 0.000e+00 -0.5 0.0 0.0
4705 45 0 0.000e+00 -0.6 0.0 0.0
4706 46 0 0.000e+00 -0.5 0.0 0.0
4707 47 0 0.000e+00 2.9 0.0 0.0
4708 48 0 0.000e+00 0.6 0.0 0.0
4709 49 0 0.000e+00 0.3 0.0 0.0
4710 50 0 0.000e+00 -6.4 0.0 0.0
4711 51 0 0.000e+00 -15.2 0.558 0.481
4712 52 0 0.000e+00 -15.2 1.0 1.0
4713 53 0 0.000e+00 -20.0 1.0 1.0
4714 54 0 0.000e+00 -20.0 1.0 1.0
4715 55 0 0.000e+00 -16.3 0.334 0.334
4716 56 0 0.000e+00 -16.3 0.0 0.0
4717 57 0 0.000e+00 -0.2 0.0 0.0
4718 58 0 0.000e+00 10.4 0.0 0.0
4719 59 0 0.000e+00 15.0 0.0 0.0
4720 60 0 0.000e+00 8.7 0.0 0.0
4721 61 0 0.000e+00 -9.3 0.426 0.259
4722 62 0 0.000e+00 -20.0 1.0 1.0
4723 63 0 0.000e+00 -20.0 1.0 1.0
4724 64 0 0.000e+00 -20.0 1.0 1.0
4725 65 0 0.000e+00 -20.0 1.0 1.0
4726 66 0 0.000e+00 -20.0 1.0 1.0
4727 67 0 0.000e+00 -20.0 1.0 1.0
4728 68 0 0.000e+00 -20.0 1.0 1.0
4729 69 0 0.000e+00 -20.0 0.718 0.641
4730 70 0 0.000e+00 -20.0 1.0 1.0
4731 71 0 0.000e+00 -20.0 1.0 1.0
4732 72 0 0.000e+00 -20.0 1.0 1.0
4733 73 0 0.000e+00 -20.0 1.0 0.918
4734 74 0 0.000e+00 -20.0 1.0 1.0
4735 75 0 0.000e+00 -20.0 1.0 1.0
4736 76 0 0.000e+00 -20.0 1.0 1.0
4737 77 0 0.000e+00 -20.0 1.0 1.0
4738 78 0 0.000e+00 -20.0 1.0 1.0
4739 79 0 0.000e+00 -20.0 1.0 1.0
4740 80 0 0.000e+00 -20.0 1.0 1.0
4741 81 0 0.000e+00 -20.0 1.0 1.0
4742 82 0 0.000e+00 -20.0 1.0 1.0
4743 83 0 0.000e+00 -20.0 1.0 0.896
4744 84 0 0.000e+00 -20.0 1.0 0.969
4745 85 0 0.000e+00 -20.0 1.0 0.989
4746 86 0 0.000e+00 -20.0 1.0 0.858
4747 87 0 0.000e+00 -20.0 1.0 0.354
4748 88 0 0.000e+00 -20.0 1.0 0.337
4749 89 0 0.000e+00 -20.0 1.0 0.079
4750 90 0 0.000e+00 -20.0 1.0 0.17
4751 91 0 0.000e+00 -20.0 1.0 0.061
4752 92 0 0.000e+00 -20.0 1.0 1.0
4753 93 0 0.000e+00 -20.0 1.0 1.0
4754 94 0 0.000e+00 -20.0 1.0 0.797
4755 95 13.6 1.744e-07 -20.0 1.0 0.0
4756 96 13.6 8.003e-07 -20.0 1.0 0.371
4757 97 13.6 2.133e-06 -20.0 0.693 0.315
4758 98 0 0.000e+00 -20.0 1.0 0.052
4759 99 13.6 1.662e-06 -20.0 1.0 0.297
4760 100 13.6 7.033e-07 -20.0 1.0 0.041
4761 101 13.6 3.596e-08 -20.0 1.0 0.0
4762 102 0 0.000e+00 -20.0 1.0 0.35
4763 103 0 0.000e+00 -20.0 1.0 0.163
4764 104 0 0.000e+00 -20.0 1.0 0.0
4765 105 0 0.000e+00 -20.0 1.0 0.0
4766 106 0 0.000e+00 -20.0 1.0 0.209
4767 107 0 0.000e+00 -20.0 1.0 0.1
4768 108 0 0.000e+00 -20.0 1.0 0.0
4769 109 0 0.000e+00 -20.0 1.0 0.635
4770 110 0 0.000e+00 -20.0 1.0 0.369
4771 111 13.6 3.437e-04 -20.0 1.0 0.209
4772 112 13.6 6.851e-03 -20.0 1.0 0.671
4773 113 13.6 2.313e-02 -20.0 1.0 0.749
4774 114 13.6 1.581e-02 -20.0 1.0 0.459
4775 115 13.6 1.423e-03 -16.6 0.619 0.228
4776 116 0 0.000e+00 -16.6 0.0 0.0
4777 117 13.6 2.176e-02 -20.0 1 1
4778 118 13.6 3.395e-02 -20.0 1.0 0.535
4779 119 13.6 1.355e-01 -20.0 1.0 0.735
4780 120 13.6 1.451e-01 -20.0 1.0 0.664
4781 121 13.6 2.464e-01 -20.0 1.0 0.606
4782 122 13.6 2.226e-01 -20.0 1.0 0.476
4783 123 13.6 2.207e-01 -20.0 1.0 0.382
4784 124 13.6 1.444e-05 -20.0 1.0 0.29
4785 125 13.6 1.455e-01 -20.0 1.0 0.651
4786 126 13.6 4.567e-01 -20.0 1.0 0.708
4787 127 13.6 5.993e-01 -20.0 1.0 0.813
4788 128 13.6 2.840e-01 -17.8 0.553 0.218
4789 129 13.6 8.615e-01 -20.0 1.0 0.737
4790 130 13.6 6.754e-01 -20.0 1.0 0.637
4791 131 13.6 6.006e-01 -20.0 1.0 0.647
4792 132 13.6 5.609e-01 -20.0 1.0 0.687
4793 133 13.6 1.613e-01 -20.0 1.0 0.356
4794 134 13.6 6.738e-01 -20.0 1.0 0.623
4795 135 13.6 8.041e-01 -20.0 1.0 0.596
4796 136 13.6 3.224e-01 -20.0 1.0 0.708
4797 137 13.6 6.410e-01 -20.0 0.993 0.486
4798 138 13.6 8.798e-01 -20.0 1.0 0.826
4799 139 13.6 3.534e-01 -20.0 1.0 0.48
4800 140 13.6 1.641e-01 -20.0 1.0 0.892
4801 141 13.6 3.938e-01 -20.0 1.0 0.464
4802 142 13.6 2.528e-01 -20.0 1.0 0.35
4803 143 13.6 7.832e-01 -20.0 1.0 0.639
4804 144 13.6 1.335e+00 -20.0 1.0 0.789
4805 145 13.6 3.093e-01 -20.0 1.0 0.815
4806 146 0 0.000e+00 -20.0 1.0 0.373
4807 147 0 0.000e+00 -20.0 1.0 0.365
4808 148 0 0.000e+00 -20.0 1.0 0.0
4809 149 13.6 2.071e-05 -20.0 1.0 0.03
4810 150 13.6 6.181e-02 -20.0 1.0 0.312
4811 151 13.6 1.013e-01 -20.0 1.0 0.811
4812 152 13.6 3.181e-01 -20.0 1.0 0.669
4813 153 13.6 5.831e-01 -20.0 1.0 0.748
4814 154 13.6 4.957e-01 -20.0 1.0 0.807
4815 155 13.6 9.765e-01 -20.0 1.0 0.681
4816 156 13.6 9.201e-01 -20.0 1.0 0.797
4817 157 13.6 9.060e-01 -20.0 1.0 0.828
4818 158 13.6 5.518e-01 -20.0 1.0 0.945
4819 159 13.6 7.975e-01 -20.0 1.0 0.5
4820 160 13.6 8.152e-01 -20.0 1.0 0.695
4821 161 13.6 7.279e-01 -19.3 1.0 0.828
4822 162 13.6 1.193e+00 -19.2 1.0 0.75
4823 163 13.6 5.631e-01 -19.2 1.0 0.974
4824 164 13.6 4.425e-01 -22.0 0.548 0.454
4825 165 0 0.000e+00 -11.0 0.0 0.0
4826 166 0 0.000e+00 -11.0 0.0 0.0
4827 167 0 0.000e+00 -11.0 0.0 0.0
4828 168 13.6 5.399e-03 -22.0 1 1
4829 169 0 0.000e+00 -11.0 0.0 0.0
4830 170 0 0.000e+00 -10.9 0.329 0.098
4831 171 0 0.000e+00 -20.4 0.988 0.988
4832 172 0 0.000e+00 -22.0 1.0 1.0
4833 173 0 0.000e+00 -22.0 1.0 1.0
4834 174 0 0.000e+00 -22.0 1.0 1.0
4835 175 0 0.000e+00 -22.0 1.0 0.783
4836 176 13.6 1.416e-06 -22.0 1.0 0.0
4837 177 13.6 2.321e-05 -22.0 1.0 0.012
4838 178 13.6 1.009e-05 -22.0 1.0 0.579
4839 179 13.6 2.948e-04 -22.0 1.0 0.634
4840 180 13.6 5.328e-04 -22.0 1.0 0.928
4841 181 13.6 2.809e-02 -22.0 1.0 0.383
4842 182 13.6 6.409e-02 -22.0 1.0 0.339
4843 183 13.6 2.694e-01 -22.0 1.0 0.576
4844 184 13.6 1.806e-01 -22.0 1.0 0.528
4845 185 13.6 1.074e+00 -22.0 1.0 0.762
4846 186 13.6 9.205e-01 -22.0 1.0 0.813
4847 187 13.6 7.910e-01 -22.0 1.0 0.587
4848 188 13.6 7.899e-01 -22.0 1.0 0.666
4849 189 13.6 1.192e+00 -22.0 1.0 0.836
4850 190 13.6 1.166e+00 -22.0 1.0 0.811
4851 191 13.6 6.061e-01 -22.0 1.0 0.867
4852 192 13.6 6.547e-01 -22.0 1.0 0.712
4853 193 13.6 7.448e-01 -22.0 1.0 0.502
4854 194 13.6 5.440e-01 -22.0 1.0 0.632
4855 195 13.6 5.898e-02 -22.0 1.0 0.587
4856 196 13.6 7.066e-01 -22.0 1.0 0.6
4857 197 13.6 1.074e+00 -22.0 1.0 0.825
4858 198 0 0.000e+00 -22.0 1.0 0.965
4859 199 0 0.000e+00 -22.0 1.0 1.0
4860 200 0 0.000e+00 -22.0 1.0 1.0
4861 201 0 0.000e+00 -22.0 1.0 1.0
4862 202 0 0.000e+00 -22.0 1.0 1.0
4863 203 0 0.000e+00 -22.0 1.0 1.0
4864 204 0 0.000e+00 -22.0 1.0 1.0
4865 205 0 0.000e+00 -22.0 1.0 1.0
4866 206 0 0.000e+00 -22.0 1.0 1.0
4867 207 0 0.000e+00 -22.0 1.0 1.0
4868 208 0 0.000e+00 -20.2 0.746 0.69
4869 209 0 0.000e+00 -0.5 0.0 0.0
4870 210 0 0.000e+00 -0.5 0.0 0.0
4871 211 0 0.000e+00 -0.5 0.0 0.0
4872 212 0 0.000e+00 -0.5 0.0 0.0
4873 213 0 0.000e+00 -0.5 0.0 0.0
4874 214 0 0.000e+00 -0.5 0.0 0.0
4875 215 0 0.000e+00 -0.5 0.0 0.0
4876 216 0 0.000e+00 -0.5 0.0 0.0
4877 217 0 0.000e+00 -0.5 0.0 0.0
4878 218 0 0.000e+00 -0.5 0.0 0.0
4879 219 0 0.000e+00 -0.5 0.0 0.0
4880 220 0 0.000e+00 -0.5 0.0 0.0
4881 221 0 0.000e+00 -0.6 0.0 0.0
4882 222 0 0.000e+00 -0.7 0.0 0.0
4883 223 0 0.000e+00 -0.7 0.0 0.0
4884 224 0 0.000e+00 -0.7 0.0 0.0
4885 225 0 0.000e+00 -0.7 0.0 0.0
4886 226 0 0.000e+00 -0.7 0.0 0.0
4887 227 0 0.000e+00 -0.7 0.0 0.0
4888 228 0 0.000e+00 -0.7 0.0 0.0
4889 229 0 0.000e+00 -0.7 0.0 0.0
4890 230 0 0.000e+00 -0.9 0.0 0.0
4891 231 0 0.000e+00 -0.9 0.0 0.0
4892 232 0 0.000e+00 -8.4 0.0 0.0
4893 233 0 0.000e+00 -14.9 0.396 0.348
4894 234 0 0.000e+00 -22.0 1.0 1.0
4895 235 0 0.000e+00 -22.0 1.0 1.0
4896 236 0 0.000e+00 -22.0 1.0 1.0
4897 237 0 0.000e+00 -22.0 1.0 0.983
4898 238 0 0.000e+00 -22.0 1.0 1.0
4899 239 0 0.000e+00 -22.0 1.0 1.0
4900 240 0 0.000e+00 -22.0 1.0 1.0
4901 241 0 0.000e+00 -22.0 1.0 1.0
4902 242 0 0.000e+00 -22.0 1.0 0.535
4903 243 13.6 1.522e-05 -22.0 1.0 0.162
4904 244 13.6 4.303e-07 -22.0 1.0 0.209
4905 245 13.6 2.963e-06 -22.0 1.0 0.3
4906 246 13.6 2.982e-06 -22.0 1.0 0.207
4907 247 13.6 1.225e-05 -22.0 1.0 0.004
4908 248 13.6 1.894e-06 -22.0 1.0 0.0
4909 249 13.6 6.035e-07 -22.0 1.0 0.545
4910 250 13.6 1.157e-04 -22.0 1.0 0.884
4911 251 13.6 2.846e-05 -22.0 1.0 0.25
4912 252 13.6 2.184e-07 -22.0 1.0 0.0
4913 253 13.6 7.803e-06 -22.0 1.0 0.0
4914 254 13.6 4.962e-08 -22.0 1.0 0.346
4915 255 0 0.000e+00 -22.0 1.0 0.907
4916 256 0 0.000e+00 -22.0 1.0 0.37
4917 257 13.6 3.387e-08 -22.0 1.0 0.225
4918 258 13.6 1.007e-07 -22.0 1.0 0.233
4919 259 13.6 5.485e-08 -22.0 1.0 0.283
4920 260 13.6 1.210e-07 -22.0 1.0 0.0
4921 261 13.6 5.458e-08 -22.0 1.0 0.391
4922 262 13.6 4.134e-05 -22.0 1.0 0.0
4923 263 13.6 3.981e-04 -22.0 1.0 0.265
4924 264 13.6 1.602e-07 -17.9 1 1
4925 265 13.6 6.123e-11 -18.6 0.551 0.0
4926 266 13.6 3.161e-10 -22.0 1.0 0.0
4927 267 13.6 1.053e-13 -22.0 1.0 0.288
4928 268 13.6 1.118e-10 -22.0 1.0 0.788
4929 269 13.6 2.795e-09 -22.0 1.0 0.128
4930 270 13.6 2.182e-08 -22.0 1.0 0.473
4931 271 13.6 4.242e-09 -22.0 1.0 0.105
4932 272 13.6 1.197e-08 -22.0 1.0 0.393
4933 273 13.6 1.166e-08 -22.0 1.0 0.347
4934 274 13.6 2.939e-08 -22.0 1.0 0.482
4935 275 13.6 2.591e-08 -22.0 1.0 0.576
4936 276 13.6 4.630e-08 -22.0 1.0 0.675
4937 277 13.6 4.025e-08 -22.0 1.0 0.37
4938 278 13.6 7.076e-08 -22.0 1.0 0.513
4939 279 13.6 8.868e-08 -22.0 1.0 0.624
4940 280 0 0.000e+00 -22.0 1.0 1.0
4941 281 0 0.000e+00 -22.0 1.0 1.0
4942 282 0 0.000e+00 -22.0 1.0 1.0
4943 283 13.6 6.058e-08 -22.0 1.0 0.543
4944 284 13.6 1.310e-07 -22.0 1.0 0.505
4945 285 13.6 1.228e-07 -22.0 1.0 0.635
4946 286 13.6 7.156e-08 -22.0 1.0 0.685
4947 287 13.6 2.213e-08 -22.0 1.0 0.904
4948 288 13.6 5.182e-08 -22.0 1.0 0.619
4949 289 13.6 8.989e-08 -22.0 1.0 0.544
4950 290 13.6 1.004e-07 -22.0 1.0 0.531
4951 291 13.6 3.172e-08 -22.0 1.0 0.172
4952 292 13.6 1.275e-08 -22.0 1.0 0.429
4953 293 13.6 1.213e-07 -22.0 1.0 0.58
4954 294 13.6 1.309e-07 -22.0 1.0 0.667
4955 295 13.6 1.098e-07 -22.0 1.0 0.765
4956 296 13.6 1.056e-07 -22.0 1.0 0.603
4957 297 13.6 8.704e-08 -22.0 1.0 0.53
4958 298 13.6 1.029e-07 -22.0 1.0 0.592
4959 299 13.6 1.032e-07 -22.0 1.0 0.628
4960 300 13.6 1.122e-07 -22.0 1.0 0.54
4961 301 13.6 5.513e-08 -22.0 1.0 0.617
4962 302 13.6 1.064e-07 -22.0 1.0 0.764
4963 303 13.6 1.214e-09 -22.0 1.0 0.304
4964 304 0 0.000e+00 -18.8 0.775 0.758
4965 305 0 0.000e+00 -0.6 0.0 0.0
4966 306 0 0.000e+00 -0.6 0.0 0.0
4967 307 0 0.000e+00 -0.6 0.0 0.0
4968 308 0 0.000e+00 -0.6 0.0 0.0
4969 309 0 0.000e+00 -0.2 0.0 0.0
4970 310 0 0.000e+00 14.5 0.0 0.0
4971 311 0 0.000e+00 14.3 0.0 0.0
4972 312 0 0.000e+00 14.3 0.0 0.0
4973 313 0 0.000e+00 14.2 0.0 0.0
4974 314 0 0.000e+00 9.0 0.0 0.0
4975 315 0 0.000e+00 9.0 0.0 0.0
4976 316 0 0.000e+00 -0.5 0.0 0.0
4977 317 0 0.000e+00 -0.5 0.0 0.0
4978 318 0 0.000e+00 -0.5 0.0 0.0
4979 319 0 0.000e+00 -0.5 0.0 0.0
4980 320 0 0.000e+00 -0.5 0.0 0.0
4981 321 0 0.000e+00 -0.5 0.0 0.0
4982 322 0 0.000e+00 -0.5 0.0 0.0
4983 323 0 0.000e+00 -0.5 0.0 0.0
4984 324 0 0.000e+00 -0.5 0.0 0.0
4985 325 0 0.000e+00 -0.6 0.0 0.0
4986 326 0 0.000e+00 -0.6 0.0 0.0
4987 327 0 0.000e+00 -0.6 0.0 0.0
4988 328 0 0.000e+00 -0.6 0.0 0.0
4989 329 0 0.000e+00 -0.6 0.0 0.0
4990 330 0 0.000e+00 -0.6 0.0 0.0
4991 331 0 0.000e+00 -0.6 0.0 0.0
4992 332 0 0.000e+00 -0.6 0.0 0.0
4993 333 0 0.000e+00 -0.6 0.0 0.0
4994 334 0 0.000e+00 -0.6 0.0 0.0
4995 335 0 0.000e+00 -0.6 0.0 0.0
4996 336 0 0.000e+00 -0.6 0.0 0.0
4997 337 0 0.000e+00 -0.6 0.0 0.0
4998 338 0 0.000e+00 -0.6 0.0 0.0
4999 339 0 0.000e+00 -0.6 0.0 0.0
5000 340 0 0.000e+00 -0.6 0.0 0.0
5001 341 0 0.000e+00 -0.4 0.0 0.0
5002 342 0 0.000e+00 -0.6 0.0 0.0
5003 343 0 0.000e+00 1.7 0.0 0.0
5004 344 0 0.000e+00 2.7 0.0 0.0
5005 345 0 0.000e+00 3.6 0.0 0.0
5006 346 0 0.000e+00 3.2 0.0 0.0
5007 347 0 0.000e+00 3.1 0.0 0.0
5008 348 0 0.000e+00 3.1 0.0 0.0
5009 349 0 0.000e+00 3.3 0.0 0.0
5010 350 0 0.000e+00 3.5 0.0 0.0
5011 351 0 0.000e+00 3.5 0.0 0.0
5012 352 0 0.000e+00 3.5 0.0 0.0
5013 353 0 0.000e+00 3.5 0.0 0.0
5014 354 0 0.000e+00 3.2 0.0 0.0
5015 355 0 0.000e+00 2.9 0.0 0.0
5016 356 0 0.000e+00 1.9 0.0 0.0
5017 357 0 0.000e+00 1.9 0.0 0.0
5018 358 0 0.000e+00 1.9 0.0 0.0
5019 359 0 0.000e+00 1.9 0.0 0.0
5020 360 0 0.000e+00 1.9 0.0 0.0
5021 361 0 0.000e+00 1.9 0.0 0.0
5022 362 0 0.000e+00 1.9 0.0 0.0
5023 363 0 0.000e+00 1.9 0.0 0.0
5024 364 0 0.000e+00 1.9 0.0 0.0
5025 365 0 0.000e+00 1.9 0.0 0.0
Starting new year: 2024
5026 1 0 0.000e+00 1.9 0.0 0.0
5027 2 0 0.000e+00 1.9 0.0 0.0
5028 3 0 0.000e+00 1.9 0.0 0.0
5029 4 0 0.000e+00 1.9 0.0 0.0
5030 5 0 0.000e+00 1.9 0.0 0.0
5031 6 0 0.000e+00 1.9 0.0 0.0
5032 7 0 0.000e+00 2.1 0.0 0.0
5033 8 0 0.000e+00 2.8 0.0 0.0
5034 9 0 0.000e+00 3.0 0.0 0.0
5035 10 0 0.000e+00 4.8 0.0 0.0
5036 11 0 0.000e+00 7.6 0.0 0.0
5037 12 0 0.000e+00 12.1 0.0 0.0
5038 13 0 0.000e+00 15.4 0.0 0.0
5039 14 0 0.000e+00 16.4 0.0 0.0
5040 15 0 0.000e+00 16.3 0.0 0.0
5041 16 0 0.000e+00 4.2 0.0 0.0
5042 17 0 0.000e+00 0.0 0.0 0.0
5043 18 0 0.000e+00 -0.2 0.0 0.0
5044 19 0 0.000e+00 -0.3 0.0 0.0
5045 20 0 0.000e+00 -0.3 0.0 0.0
5046 21 0 0.000e+00 1.4 0.0 0.0
5047 22 0 0.000e+00 3.1 0.0 0.0
5048 23 0 0.000e+00 3.1 0.0 0.0
5049 24 0 0.000e+00 3.2 0.0 0.0
5050 25 0 0.000e+00 3.2 0.0 0.0
5051 26 0 0.000e+00 3.3 0.0 0.0
5052 27 0 0.000e+00 3.4 0.0 0.0
5053 28 0 0.000e+00 3.4 0.0 0.0
5054 29 0 0.000e+00 4.0 0.0 0.0
5055 30 0 0.000e+00 5.6 0.0 0.0
5056 31 0 0.000e+00 5.6 0.0 0.0
5057 32 0 0.000e+00 5.6 0.0 0.0
5058 33 0 0.000e+00 5.2 0.0 0.0
5059 34 0 0.000e+00 5.2 0.0 0.0
5060 35 0 0.000e+00 4.8 0.0 0.0
5061 36 0 0.000e+00 3.7 0.0 0.0
5062 37 0 0.000e+00 3.0 0.0 0.0
5063 38 0 0.000e+00 2.9 0.0 0.0
5064 39 0 0.000e+00 2.9 0.0 0.0
5065 40 0 0.000e+00 2.9 0.0 0.0
5066 41 0 0.000e+00 2.9 0.0 0.0
5067 42 0 0.000e+00 2.9 0.0 0.0
5068 43 0 0.000e+00 2.6 0.0 0.0
5069 44 0 0.000e+00 -5.9 0.0 0.0
5070 45 0 0.000e+00 -5.9 0.0 0.0
5071 46 0 0.000e+00 -13.3 0.583 0.505
5072 47 0 0.000e+00 -22.0 1.0 1.0
5073 48 0 0.000e+00 -22.0 1.0 1.0
5074 49 0 0.000e+00 -22.0 1.0 1.0
5075 50 0 0.000e+00 -19.7 0.714 0.697
5076 51 0 0.000e+00 -9.6 0.303 0.236
5077 52 0 0.000e+00 -15.2 1.0 1.0
5078 53 0 0.000e+00 -15.3 1.0 1.0
5079 54 0 0.000e+00 -22.0 1.0 1.0
5080 55 0 0.000e+00 -22.0 1.0 1.0
5081 56 0 0.000e+00 -22.0 1.0 1.0
5082 57 0 0.000e+00 -22.0 1.0 1.0
5083 58 0 0.000e+00 -22.0 1.0 1.0
5084 59 0 0.000e+00 -22.0 0.911 0.837
5085 60 0 0.000e+00 -22.0 1.0 1.0
5086 61 0 0.000e+00 -22.0 1.0 1.0
5087 62 0 0.000e+00 -22.0 1.0 1.0
5088 63 0 0.000e+00 -22.0 1.0 1.0
5089 64 0 0.000e+00 -22.0 1.0 1.0
5090 65 0 0.000e+00 -22.0 1.0 0.874
5091 66 0 0.000e+00 -22.0 1.0 1.0
5092 67 0 0.000e+00 -22.0 1.0 0.519
5093 68 0 0.000e+00 -22.0 1.0 0.452
5094 69 0 0.000e+00 -22.0 1.0 0.0
5095 70 0 0.000e+00 -22.0 1.0 0.0
5096 71 0 0.000e+00 -22.0 1.0 0.27
5097 72 0 0.000e+00 -22.0 1.0 0.231
5098 73 0 0.000e+00 -22.0 1.0 0.0
5099 74 0 0.000e+00 -22.0 1.0 0.0
5100 75 0 0.000e+00 -22.0 1.0 0.0
5101 76 0 0.000e+00 -22.0 1.0 0.0
5102 77 0 0.000e+00 -22.0 1.0 0.0
5103 78 0 0.000e+00 -22.0 1.0 0.239
5104 79 13.6 4.998e-11 -22.0 1.0 0.063
5105 80 13.6 1.534e-09 -22.0 1.0 0.335
5106 81 13.6 3.173e-07 -22.0 1.0 0.27
5107 82 13.6 5.668e-08 -22.0 1.0 0.0
5108 83 0 0.000e+00 -22.0 1.0 0.124
5109 84 0 0.000e+00 -22.0 1.0 0.05
5110 85 0 0.000e+00 -22.0 1.0 0.122
5111 86 0 0.000e+00 -22.0 1.0 0.84
5112 87 13.6 4.952e-05 -22.0 1.0 0.025
5113 88 13.6 7.619e-05 -22.0 1.0 0.0
5114 89 0 0.000e+00 -22.0 1.0 0.051
5115 90 13.6 2.024e-04 -22.0 1.0 0.742
5116 91 13.6 1.034e-04 -22.0 1.0 0.373
5117 92 13.6 1.019e-06 -22.0 1.0 0.607
5118 93 0 0.000e+00 -22.0 1.0 0.0
5119 94 13.6 4.610e-05 -22.0 1.0 0.0
5120 95 13.6 1.644e-04 -22.0 1.0 0.0
5121 96 13.6 2.765e-04 -22.0 1.0 0.226
5122 97 13.6 3.271e-03 -22.0 1.0 0.61
5123 98 13.6 1.102e-02 -22.0 1.0 0.869
5124 99 13.6 7.359e-03 -22.0 1.0 0.866
5125 100 13.6 9.340e-03 -22.0 1.0 0.359
5126 101 13.6 3.825e-02 -22.0 1.0 0.297
5127 102 13.6 5.501e-02 -22.0 1.0 0.259
5128 103 13.6 1.289e-01 -22.0 1.0 0.357
5129 104 13.6 3.971e-01 -22.0 1.0 0.856
5130 105 13.6 2.633e-01 -22.0 1.0 0.449
5131 106 13.6 4.523e-01 -22.0 1.0 0.756
5132 107 13.6 1.843e-01 -22.0 1.0 0.377
5133 108 13.6 2.047e-01 -22.0 1.0 0.67
5134 109 13.6 7.837e-01 -22.0 1.0 0.613
5135 110 13.6 6.349e-01 -22.0 1.0 0.484
5136 111 13.6 6.802e-01 -22.0 1.0 0.912
5137 112 13.6 1.055e-01 -22.0 1.0 0.909
5138 113 0 0.000e+00 -22.0 1.0 1.0
5139 114 13.6 1.240e-01 -22.0 1.0 0.605
5140 115 13.6 1.728e-01 -22.0 1.0 1.0
5141 116 13.6 4.446e-01 -22.0 1.0 0.807
5142 117 13.6 8.812e-01 -22.0 1.0 0.673
5143 118 13.6 1.119e+00 -22.0 1.0 0.799
5144 119 13.6 6.434e-01 -22.0 1.0 0.914
5145 120 13.6 6.942e-01 -22.0 1.0 0.898
5146 121 13.6 7.915e-01 -22.0 1.0 0.625
5147 122 13.6 3.814e-01 -22.0 1.0 0.436
5148 123 13.6 2.926e-01 -22.0 1.0 0.288
5149 124 13.6 9.576e-01 -22.0 1.0 0.631
5150 125 13.6 8.754e-01 -22.0 1.0 0.821
5151 126 13.6 9.873e-01 -22.0 1.0 0.798
5152 127 13.6 9.445e-01 -22.0 1.0 0.67
5153 128 13.6 1.051e+00 -22.0 1.0 0.9
5154 129 13.6 6.350e-01 -22.0 1.0 0.689
5155 130 13.6 1.096e+00 -22.0 1.0 0.875
5156 131 13.6 7.114e-01 -22.0 1.0 0.926
5157 132 13.6 2.357e-01 -22.0 1.0 0.934
5158 133 13.6 6.384e-01 -22.0 1.0 0.849
5159 134 13.6 3.889e-01 -22.0 0.984 0.264
5160 135 13.6 1.928e-05 -22.0 0.964 0.256
5161 136 0 0.000e+00 -22.0 1.0 0.0
5162 137 13.6 2.706e-04 -22.0 1.0 0.353
5163 138 13.6 9.255e-04 -22.0 1.0 1.0
5164 139 13.6 2.099e-04 -22.0 1.0 0.545
5165 140 13.6 1.971e-02 -22.0 1.0 0.458
5166 141 13.6 8.214e-01 -22.0 1.0 0.712
5167 142 13.6 1.760e-01 -22.0 1.0 0.741
5168 143 13.6 1.005e+00 -22.0 1.0 0.711
5169 144 13.6 1.182e+00 -22.0 1.0 0.729
5170 145 13.6 1.090e+00 -22.0 1.0 0.87
5171 146 13.6 1.290e+00 -22.0 1.0 0.847
5172 147 13.6 2.190e-01 -22.0 1.0 0.86
5173 148 13.6 5.251e-01 -22.0 1.0 0.84
5174 149 13.6 3.739e-01 -22.0 1.0 0.406
5175 150 13.6 1.143e+00 -22.0 1.0 0.827
5176 151 13.6 9.938e-01 -22.0 1.0 0.933
5177 152 13.6 7.497e-01 -22.0 1.0 0.875
5178 153 13.6 6.861e-01 -22.0 1.0 0.682
5179 154 13.6 7.315e-01 -22.0 1.0 0.736
5180 155 13.6 8.905e-01 -22.0 1.0 0.446
5181 156 13.6 1.312e+00 -22.0 1.0 0.899
5182 157 13.6 3.301e-01 -22.0 1.0 0.532
5183 158 13.6 5.784e-04 -22.0 1.0 0.241
5184 159 0 0.000e+00 -22.0 1.0 0.0
5185 160 0 0.000e+00 -22.0 1.0 0.0
5186 161 0 0.000e+00 -21.4 1.0 0.0
5187 162 0 0.000e+00 -25.0 1.0 0.574
5188 163 0 0.000e+00 -25.0 1.0 1.0
5189 164 0 0.000e+00 -25.0 1.0 1.0
5190 165 0 0.000e+00 -25.0 1.0 1.0
5191 166 0 0.000e+00 -25.0 1.0 0.767
5192 167 0 0.000e+00 -25.0 1.0 0.203
5193 168 13.6 6.642e-05 -25.0 1.0 0.135
5194 169 13.6 1.851e-05 -25.0 1.0 0.361
5195 170 13.6 7.387e-06 -25.0 1.0 0.643
5196 171 13.6 8.234e-03 -25.0 1.0 0.299
5197 172 13.6 3.480e-01 -25.0 1.0 0.72
5198 173 13.6 1.065e+00 -25.0 1.0 0.617
5199 174 13.6 9.452e-01 -25.0 1.0 0.847
5200 175 13.6 7.950e-01 -25.0 1.0 0.852
5201 176 13.6 3.519e-01 -25.0 1.0 0.371
5202 177 0 0.000e+00 -25.0 1.0 0.206
5203 178 0 0.000e+00 -10.2 0.245 0.245
5204 179 13.6 1.656e-01 -25.0 1 0.314
5205 180 13.6 4.875e-03 -25.0 1.0 0.957
5206 181 13.6 9.082e-01 -25.0 1.0 0.723
5207 182 13.6 1.198e+00 -25.0 1.0 0.81
5208 183 13.6 6.646e-01 -25.0 1.0 0.74
5209 184 13.6 8.487e-01 -25.0 1.0 0.81
5210 185 13.6 9.575e-01 -25.0 1.0 0.703
5211 186 13.6 6.507e-01 -25.0 1.0 0.824
5212 187 13.6 1.179e+00 -25.0 1.0 0.795
5213 188 13.6 5.068e-01 -25.0 1.0 0.772
5214 189 13.6 7.979e-01 -25.0 1.0 0.621
5215 190 13.6 8.263e-01 -25.0 1.0 0.911
5216 191 13.6 1.158e+00 -25.0 1.0 0.799
5217 192 13.6 3.269e-01 -25.0 1.0 0.732
5218 193 13.6 3.923e-01 -25.0 1.0 0.686
5219 194 13.6 8.859e-03 -25.0 1.0 0.781
5220 195 13.6 9.152e-01 -25.0 1.0 0.788
5221 196 13.6 1.197e+00 -25.0 1.0 0.736
5222 197 13.6 5.905e-01 -25.0 1.0 0.673
5223 198 13.6 1.211e+00 -25.0 1.0 0.691
5224 199 13.6 1.042e+00 -25.0 1.0 0.856
5225 200 13.6 1.064e+00 -25.0 1.0 0.891
5226 201 13.6 1.412e-01 -25.0 1.0 0.676
5227 202 13.6 1.002e+00 -25.0 1.0 0.759
5228 203 13.6 1.402e+00 -25.0 1.0 0.911
5229 204 13.6 1.180e+00 -25.0 1.0 0.843
5230 205 13.6 9.771e-01 -25.0 1.0 0.698
5231 206 13.6 2.750e-01 -25.0 1.0 0.737
5232 207 13.6 1.275e+00 -25.0 1.0 0.838
5233 208 13.6 1.156e+00 -25.0 1.0 0.732
5234 209 13.6 1.157e+00 -25.0 1.0 0.905
5235 210 13.6 1.321e+00 -25.0 1.0 0.838
5236 211 13.6 1.335e+00 -25.0 1.0 0.698
5237 212 13.6 1.093e+00 -25.0 1.0 0.722
5238 213 13.6 6.398e-01 -25.0 1.0 0.8
5239 214 13.6 4.881e-01 -25.0 1.0 0.605
5240 215 13.6 1.310e+00 -25.0 1.0 0.933
5241 216 13.6 1.052e+00 -25.0 1.0 0.792
5242 217 13.6 1.385e+00 -25.0 1.0 0.862
5243 218 13.6 8.020e-01 -25.0 1.0 0.928
5244 219 13.6 6.469e-01 -25.0 1.0 0.684
5245 220 13.6 1.451e+00 -25.0 1.0 0.914
5246 221 13.6 9.148e-01 -25.0 1.0 0.697
5247 222 13.6 1.254e+00 -23.4 0.936 0.767
5248 223 13.6 4.518e-01 -25.0 1 1
5249 224 13.6 9.593e-01 -25.0 1.0 0.733
5250 225 13.6 1.054e+00 -25.0 1.0 0.824
5251 226 13.6 1.170e+00 -25.0 1.0 0.655
5252 227 13.6 8.469e-01 -25.0 1.0 0.809
5253 228 13.6 1.468e+00 -25.0 1.0 0.823
5254 229 13.6 3.597e-01 -25.0 1.0 0.778
5255 230 13.6 1.045e+00 -25.0 1.0 0.777
5256 231 13.6 1.156e+00 -25.0 1.0 0.743
5257 232 13.6 2.796e-01 -25.0 1.0 0.259
5258 233 13.6 8.595e-05 -25.0 1.0 0.0
5259 234 0 0.000e+00 -25.0 1.0 0.0
5260 235 0 0.000e+00 -25.0 1.0 0.0
5261 236 13.6 3.620e-01 -25.0 1.0 0.214
5262 237 13.6 1.232e+00 -25.0 1.0 0.862
5263 238 13.6 1.415e+00 -25.0 1.0 0.853
5264 239 13.6 6.818e-01 -25.0 1.0 0.733
5265 240 13.6 3.958e-02 -25.0 1.0 0.992
5266 241 13.6 2.498e-01 -25.0 1.0 0.797
5267 242 13.6 1.054e+00 -25.0 1.0 0.811
5268 243 13.6 1.003e+00 -25.0 1.0 0.767
5269 244 13.6 1.324e+00 -25.0 1.0 0.725
5270 245 13.6 1.080e+00 -25.0 1.0 0.84
5271 246 13.6 2.405e-01 -25.0 1.0 1.0
5272 247 13.6 6.448e-01 -25.0 1.0 0.713
5273 248 13.6 1.060e+00 -25.0 1.0 0.85
5274 249 13.6 8.313e-01 -25.0 1.0 0.675
5275 250 13.6 1.296e+00 -25.0 1.0 0.746
5276 251 13.6 1.185e+00 -25.0 1.0 0.748
5277 252 13.6 1.239e+00 -25.0 1.0 0.836
5278 253 13.6 1.299e+00 -25.0 1.0 0.805
5279 254 13.6 1.223e+00 -25.0 1.0 0.784
5280 255 13.6 3.756e-01 -25.0 1.0 0.565
5281 256 13.6 1.461e+00 -25.0 1.0 0.873
5282 257 13.6 4.310e-01 -25.0 1.0 0.674
5283 258 13.6 1.297e+00 -25.0 1.0 0.856
5284 259 13.6 1.394e+00 -25.0 1.0 0.865
5285 260 13.6 9.036e-01 -25.0 1.0 0.786
5286 261 13.6 1.149e+00 -25.0 1.0 0.833
5287 262 13.6 1.309e+00 -25.0 1.0 0.842
5288 263 13.6 5.134e-01 -25.0 1.0 0.385
5289 264 13.6 1.270e+00 -25.0 1.0 0.849
5290 265 13.6 8.456e-01 -25.0 1.0 0.871
5291 266 13.6 7.070e-01 -25.0 1.0 0.734
5292 267 13.6 2.263e-02 -25.0 1.0 1.0
5293 268 0 0.000e+00 -25.0 1.0 1.0
5294 269 13.6 9.513e-02 -25.0 1.0 0.894
5295 270 13.6 5.224e-01 -25.0 1.0 0.689
5296 271 13.6 6.600e-05 -25.0 1.0 0.0
5297 272 13.6 4.654e-02 -25.0 1.0 0.0
5298 273 13.6 1.984e-08 -25.0 1.0 0.0
5299 274 0 0.000e+00 -25.0 1.0 0.0
5300 275 0 0.000e+00 -25.0 1.0 0.565
5301 276 13.6 6.914e-01 -25.0 1.0 0.735
5302 277 13.6 7.442e-01 -25.0 1.0 0.639
5303 278 13.6 1.112e+00 -25.0 1.0 0.832
5304 279 13.6 1.062e+00 -25.0 1.0 0.925
5305 280 13.6 1.190e+00 -25.0 1.0 0.685
5306 281 13.6 1.165e+00 -25.0 1.0 0.739
5307 282 13.6 1.228e+00 -25.0 1.0 0.827
5308 283 13.6 9.968e-01 -25.0 1.0 0.752
5309 284 13.6 4.246e-01 -25.0 1.0 0.607
5310 285 0 0.000e+00 -25.0 1.0 0.944
5311 286 13.6 1.516e+00 -25.0 1.0 0.816
5312 287 13.6 6.728e-01 -25.0 1.0 0.797
5313 288 13.6 6.142e-01 -25.0 1.0 0.514
5314 289 13.6 9.559e-01 -25.0 1.0 0.682
5315 290 13.6 6.618e-01 -25.0 1.0 0.417
5316 291 0 0.000e+00 -20.2 0.73 0.0
5317 292 0 0.000e+00 3.2 0.0 0.0
5318 293 0 0.000e+00 2.9 0.0 0.0
5319 294 0 0.000e+00 2.9 0.0 0.0
5320 295 0 0.000e+00 -5.1 0.446 0.0
5321 296 0 0.000e+00 -25.0 1.0 0.563
5322 297 0 0.000e+00 -25.0 1.0 0.708
5323 298 0 0.000e+00 -25.0 1.0 0.589
5324 299 0 0.000e+00 -25.0 1.0 0.018
5325 300 13.6 3.369e-06 -25.0 1.0 0.0
5326 301 13.6 1.891e-06 -25.0 1.0 0.0
5327 302 13.6 1.033e-03 -25.0 1.0 0.418
5328 303 13.6 1.117e-03 -25.0 1.0 0.735
5329 304 13.6 7.694e-02 -25.0 1.0 0.762
5330 305 13.6 1.016e-01 -25.0 1.0 0.812
5331 306 13.6 1.026e-01 -25.0 1.0 0.859
5332 307 13.6 8.875e-02 -25.0 1.0 0.726
5333 308 13.6 1.023e-01 -25.0 1.0 0.935
5334 309 13.6 5.076e-02 -25.0 1.0 0.436
5335 310 13.6 1.533e-09 -25.0 1.0 0.191
5336 311 13.6 1.198e-08 -25.0 1.0 0.28
5337 312 13.6 3.455e-08 -25.0 1.0 0.616
5338 313 13.6 8.258e-09 -25.0 1.0 0.726
5339 314 13.6 8.647e-08 -25.0 1.0 0.657
5340 315 13.6 1.530e-07 -25.0 1.0 0.543
5341 316 13.6 9.537e-08 -25.0 1.0 0.486
5342 317 13.6 1.231e-07 -25.0 1.0 0.799
5343 318 13.6 5.645e-08 -25.0 1.0 0.841
5344 319 13.6 5.834e-08 -25.0 1.0 0.149
5345 320 13.6 1.618e-07 -25.0 1.0 0.629
5346 321 13.6 2.550e-07 -25.0 1.0 0.747
5347 322 13.6 1.981e-07 -25.0 1.0 0.712
5348 323 13.6 8.379e-08 -25.0 1.0 0.284
5349 324 13.6 1.296e-07 -25.0 1.0 0.481
5350 325 13.6 6.667e-08 -25.0 1.0 0.845
5351 326 13.6 1.925e-07 -25.0 1.0 0.595
5352 327 13.6 1.607e-07 -25.0 1.0 0.492
5353 328 13.6 6.084e-08 -25.0 1.0 0.865
5354 329 0 0.000e+00 -25.0 1.0 0.591
5355 330 0 0.000e+00 -17.5 0.701 0.18
5356 331 0 0.000e+00 3.1 0.0 0.0
5357 332 0 0.000e+00 4.0 0.0 0.0
5358 333 0 0.000e+00 4.1 0.0 0.0
5359 334 0 0.000e+00 3.9 0.0 0.0
5360 335 0 0.000e+00 4.0 0.0 0.0
5361 336 0 0.000e+00 4.1 0.0 0.0
5362 337 0 0.000e+00 3.8 0.0 0.0
5363 338 0 0.000e+00 4.4 0.0 0.0
5364 339 0 0.000e+00 5.3 0.0 0.0
5365 340 0 0.000e+00 4.1 0.0 0.0
5366 341 0 0.000e+00 4.1 0.0 0.0
5367 342 0 0.000e+00 4.1 0.0 0.0
5368 343 0 0.000e+00 4.1 0.0 0.0
5369 344 0 0.000e+00 4.6 0.0 0.0
5370 345 0 0.000e+00 14.3 0.0 0.0
5371 346 0 0.000e+00 13.7 0.0 0.0
5372 347 0 0.000e+00 6.9 0.0 0.0
5373 348 0 0.000e+00 5.7 0.0 0.0
5374 349 0 0.000e+00 4.6 0.0 0.0
5375 350 0 0.000e+00 4.3 0.0 0.0
5376 351 0 0.000e+00 4.0 0.0 0.0
5377 352 0 0.000e+00 4.0 0.0 0.0
5378 353 0 0.000e+00 4.3 0.0 0.0
5379 354 0 0.000e+00 3.0 0.0 0.0
5380 355 0 0.000e+00 2.3 0.0 0.0
5381 356 0 0.000e+00 2.3 0.0 0.0
5382 357 0 0.000e+00 2.2 0.0 0.0
5383 358 0 0.000e+00 2.2 0.0 0.0
5384 359 0 0.000e+00 2.2 0.0 0.0
5385 360 0 0.000e+00 2.2 0.0 0.0
5386 361 0 0.000e+00 2.2 0.0 0.0
5387 362 0 0.000e+00 2.1 0.0 0.0
5388 363 0 0.000e+00 2.1 0.0 0.0
5389 364 0 0.000e+00 2.1 0.0 0.0
5390 365 0 0.000e+00 2.1 0.0 0.0
5391 366 0 0.000e+00 2.1 0.0 0.0
