# Starting new year: 2023
4661 1 0 0 5 0.0 0.0
4662 2 0 0 5 0.0 0.0
4663 3 0 0 5 0.0 0.0
4664 4 0 0 5 0.0 0.0
4665 5 0 0 5 0.0 0.0
4666 6 0 0 5 0.0 0.0
4667 7 0 0 5 0.0 0.0
4668 8 0 0 5 0.0 0.0
4669 9 0 0 5 0.0 0.0
4670 10 0 0 5 0.0 0.0
4671 11 0 0 5 0.0 0.0
4672 12 0 0 5 0.0 0.0
4673 13 0 0 5 0.0 0.0
4674 14 0 0 5 0.0 0.0
4675 15 0 0 5 0.0 0.0
4676 16 0 0 5 0.0 0.0
4677 17 0 0 5 0.0 0.0
4678 18 0 0 5 0.0 0.0
4679 19 0 0 5 0.0 0.0
4680 20 0 0 5 0.0 0.0
4681 21 0 0 5 0.0 0.0
4682 22 0 0 5 0.0 0.0
4683 23 0 0 5 0.0 0.0
4684 24 0 0 5 0.0 0.0
4685 25 0 0 5 0.0 0.0
4686 26 0 0 5 0.0 0.0
4687 27 0 0 5 0.0 0.0
4688 28 0 0 5 0.0 0.0
4689 29 0 0 5 0.0 0.0
4690 30 0 0 5 0.0 0.0
4691 31 0 0 5 0.0 0.0
4692 32 0 0 5 0.0 0.0
4693 33 0 0 5 0.0 0.0
4694 34 0 0 5 0.0 0.0
4695 35 0 0 5 0.0 0.0
4696 36 0 0 5 0.0 0.0
4697 37 0 0 5 0.0 0.0
4698 38 0 0 5 0.0 0.0
4699 39 0 0 5 0.0 0.0
4700 40 0 0 5 0.0 0.0
4701 41 0 0 5 0.0 0.0
4702 42 0 0 5 0.0 0.0
4703 43 0 0 5 0.0 0.0
4704 44 0 0 5 0.0 0.0
4705 45 0 0 5 0.0 0.0
4706 46 0 0 5 0.0 0.0
4707 47 0 0 5 0.0 0.0
4708 48 0 0 5 0.0 0.0
4709 49 0 0 5 0.0 0.0
4710 50 0 0 5 0.0 0.0
4711 51 0 0 5 0.0 0.0
4712 52 0 0 5 0.0 0.0
4713 53 0 0 5 0.0 0.0
4714 54 0 0 5 0.0 0.0
4715 55 0 0 5 0.0 0.0
4716 56 0 0 5 0.0 0.0
4717 57 0 0 5 0.0 0.0
4718 58 0 0 5 0.0 0.0
4719 59 0 0 5 0.0 0.0
4720 60 0 0 5 0.0 0.0
4721 61 0 0 5 0.0 0.0
4722 62 0 0 5 0.0 0.0
4723 63 0 0 5 0.0 0.0
4724 64 0 0 5 0.0 0.0
4725 65 0 0 5 0.0 0.0
4726 66 0 0 5 0.0 0.0
4727 67 0 0 5 0.0 0.0
4728 68 0 0 5 0.0 0.0
4729 69 0 0 5 0.0 0.0
4730 70 0 0 5 0.0 0.0
4731 71 0 0 5 0.0 0.0
4732 72 0 0 5 0.0 0.0
4733 73 0 0 5 0.0 0.0
4734 74 0 0 5 0.0 0.0
4735 75 0 0 5 0.0 0.0
4736 76 0 0 5 0.0 0.0
4737 77 0 0 5 0.0 0.0
4738 78 0 0 5 0.0 0.0
4739 79 0 0 5 0.0 0.0
4740 80 0 0 5 0.0 0.0
4741 81 0 0 5 0.0 0.0
4742 82 0 0 5 0.0 0.0
4743 83 0 0 5 0.0 0.0
4744 84 0 0 5 0.0 0.0
4745 85 0 0 5 0.0 0.0
4746 86 0 0 5 0.0 0.0
4747 87 0 0 5 0.0 0.0
4748 88 0 0 5 0.0 0.0
4749 89 0 0 5 0.0 0.0
4750 90 0 0 5 0.0 0.0
4751 91 0 0 5 0.0 0.0
4752 92 0 0 5 0.0 0.0
4753 93 0 0 5 0.0 0.0
4754 94 0 0 5 0.0 0.0
4755 95 0 0 5 0.0 0.0
4756 96 0 0 5 0.0 0.0
4757 97 0 0 5 0.0 0.0
4758 98 0 0 5 0.0 0.0
4759 99 0 0 5 0.0 0.0
4760 100 0 0 5 0.0 0.0
4761 101 0 0 5 0.0 0.0
4762 102 0 0 5 0.0 0.0
4763 103 0 0 5 0.0 0.0
4764 104 0 0 5 0.0 0.0
4765 105 0 0 5 0.0 0.0
4766 106 0 0 5 0.0 0.0
4767 107 0 0 5 0.0 0.0
4768 108 0 0 5 0.0 0.0
4769 109 0 0 5 0.0 0.0
4770 110 0 0 5 0.0 0.0
4771 111 0 0 5 0.0 0.0
4772 112 0 0 5 0.0 0.0
4773 113 0 0 5 0.0 0.0
4774 114 0 0 5 0.0 0.0
4775 115 0 0 5 0.0 0.0
4776 116 0 0 5 0.0 0.0
4777 117 0 0 5 0.0 0.0
4778 118 0 0 5 0.0 0.0
4779 119 0 0 5 0.0 0.0
4780 120 0 0 5 0.0 0.0
4781 121 0 0 5 0.0 0.0
4782 122 0 0 5 0.0 0.0
4783 123 0 0 5 0.0 0.0
4784 124 0 0 5 0.0 0.0
4785 125 0 0 5 0.0 0.0
4786 126 0 0 5 0.0 0.0
4787 127 0 0 5 0.0 0.0
4788 128 0 0 5 0.0 0.0
4789 129 0 0 5 0.0 0.0
4790 130 0 0 5 0.0 0.0
4791 131 0 0 5 0.0 0.0
4792 132 0 0 5 0.0 0.0
4793 133 0 0 5 0.0 0.0
4794 134 0 0 5 0.0 0.0
4795 135 0 0 5 0.0 0.0
4796 136 0 0 5 0.0 0.0
4797 137 0 0 5 0.0 0.0
4798 138 0 0 5 0.0 0.0
4799 139 0 0 5 0.0 0.0
4800 140 0 0 5 0.0 0.0
4801 141 0 0 5 0.0 0.0
4802 142 0 0 5 0.0 0.0
4803 143 0 0 5 0.0 0.0
4804 144 0 0 5 0.0 0.0
4805 145 0 0 5 0.0 0.0
4806 146 13.6 0.833333 -20 0.0 0.0
4807 147 13.6 0.833333 -20 0.0 0.0
4808 148 13.6 0.833333 -20 0.0 0.0
4809 149 13.6 0.833333 -20 0.0 0.0
4810 150 13.6 0.833333 -20 0.0 0.0
4811 151 13.6 0.833333 -20 0.0 0.0
4812 152 13.6 0.833333 -20 0.0 0.0
4813 153 13.6 0.833333 -20 0.0 0.0
4814 154 13.6 0.833333 -20 0.0 0.0
4815 155 13.6 0.833333 -20 0.0 0.0
4816 156 13.6 0.833333 -20 0.0 0.0
4817 157 13.6 0.833333 -20 0.0 0.0
4818 158 13.6 0.833333 -20 0.0 0.0
4819 159 13.6 0.833333 -20 0.0 0.0
4820 160 13.6 0.833333 -20 0.0 0.0
4821 161 13.6 0.833333 -20 0.0 0.0
4822 162 13.6 0.833333 -20 0.0 0.0
4823 163 13.6 0.833333 -20 0.0 0.0
4824 164 13.6 0.833333 -20 0.0 0.0
4825 165 13.6 0.833333 -20 0.0 0.0
4826 166 13.6 0.833333 -20 0.0 0.0
4827 167 13.6 0.833333 -20 0.0 0.0
4828 168 13.6 0.833333 -20 0.0 0.0
4829 169 13.6 0.833333 -20 0.0 0.0
4830 170 13.6 0.833333 -20 0.0 0.0
4831 171 13.6 0.833333 -20 0.0 0.0
4832 172 13.6 0.833333 -20 0.0 0.0
4833 173 13.6 0.833333 -20 0.0 0.0
4834 174 13.6 0.833333 -20 0.0 0.0
4835 175 13.6 0.833333 -20 0.0 0.0
4836 176 13.6 0.833333 -20 0.0 0.0
4837 177 13.6 0.833333 -20 0.0 0.0
4838 178 13.6 0.833333 -20 0.0 0.0
4839 179 13.6 0.833333 -20 0.0 0.0
4840 180 13.6 0.833333 -20 0.0 0.0
4841 181 13.6 0.833333 -20 0.0 0.0
4842 182 13.6 0.833333 -20 0.0 0.0
4843 183 13.6 0.833333 -20 0.0 0.0
4844 184 13.6 0.833333 -20 0.0 0.0
4845 185 13.6 0.833333 -20 0.0 0.0
4846 186 13.6 0.833333 -20 0.0 0.0
4847 187 13.6 0.833333 -20 0.0 0.0
4848 188 13.6 0.833333 -20 0.0 0.0
4849 189 13.6 0.833333 -20 0.0 0.0
4850 190 13.6 0.833333 -20 0.0 0.0
4851 191 13.6 0.833333 -20 0.0 0.0
4852 192 13.6 0.833333 -20 0.0 0.0
4853 193 13.6 0.833333 -20 0.0 0.0
4854 194 13.6 0.833333 -20 0.0 0.0
4855 195 13.6 0.833333 -20 0.0 0.0
4856 196 13.6 0.833333 -20 0.0 0.0
4857 197 13.6 0.833333 -20 0.0 0.0
4858 198 13.6 0.833333 -20 0.0 0.0
4859 199 13.6 0.833333 -20 0.0 0.0
4860 200 13.6 0.833333 -20 0.0 0.0
4861 201 13.6 0.833333 -20 0.0 0.0
4862 202 13.6 0.833333 -20 0.0 0.0
4863 203 13.6 0.833333 -20 0.0 0.0
4864 204 13.6 0.833333 -20 0.0 0.0
4865 205 13.6 0.833333 -20 0.0 0.0
4866 206 13.6 0.833333 -20 0.0 0.0
4867 207 13.6 0.833333 -20 0.0 0.0
4868 208 13.6 0.833333 -20 0.0 0.0
4869 209 13.6 0.833333 -20 0.0 0.0
4870 210 13.6 0.833333 -20 0.0 0.0
4871 211 13.6 0.833333 -20 0.0 0.0
4872 212 13.6 0.833333 -20 0.0 0.0
4873 213 13.6 0.833333 -20 0.0 0.0
4874 214 13.6 0.833333 -20 0.0 0.0
4875 215 13.6 0.833333 -20 0.0 0.0
4876 216 13.6 0.833333 -20 0.0 0.0
4877 217 13.6 0.833333 -20 0.0 0.0
4878 218 13.6 0.833333 -20 0.0 0.0
4879 219 13.6 0.833333 -20 0.0 0.0
4880 220 13.6 0.833333 -20 0.0 0.0
4881 221 13.6 0.833333 -20 0.0 0.0
4882 222 13.6 0.833333 -20 0.0 0.0
4883 223 13.6 0.833333 -20 0.0 0.0
4884 224 13.6 0.833333 -20 0.0 0.0
4885 225 13.6 0.833333 -20 0.0 0.0
4886 226 13.6 0.833333 -20 0.0 0.0
4887 227 13.6 0.833333 -20 0.0 0.0
4888 228 13.6 0.833333 -20 0.0 0.0
4889 229 13.6 0.833333 -20 0.0 0.0
4890 230 13.6 0.833333 -20 0.0 0.0
4891 231 13.6 0.833333 -20 0.0 0.0
4892 232 13.6 0.833333 -20 0.0 0.0
4893 233 13.6 0.833333 -20 0.0 0.0
4894 234 13.6 0.833333 -20 0.0 0.0
4895 235 13.6 0.833333 -20 0.0 0.0
4896 236 0 0 5 0.0 0.0
4897 237 0 0 5 0.0 0.0
4898 238 0 0 5 0.0 0.0
4899 239 0 0 5 0.0 0.0
4900 240 0 0 5 0.0 0.0
4901 241 0 0 5 0.0 0.0
4902 242 0 0 5 0.0 0.0
4903 243 0 0 5 0.0 0.0
4904 244 0 0 5 0.0 0.0
4905 245 0 0 5 0.0 0.0
4906 246 0 0 5 0.0 0.0
4907 247 0 0 5 0.0 0.0
4908 248 0 0 5 0.0 0.0
4909 249 0 0 5 0.0 0.0
4910 250 0 0 5 0.0 0.0
4911 251 0 0 5 0.0 0.0
4912 252 0 0 5 0.0 0.0
4913 253 0 0 5 0.0 0.0
4914 254 0 0 5 0.0 0.0
4915 255 0 0 5 0.0 0.0
4916 256 0 0 5 0.0 0.0
4917 257 0 0 5 0.0 0.0
4918 258 0 0 5 0.0 0.0
4919 259 0 0 5 0.0 0.0
4920 260 0 0 5 0.0 0.0
4921 261 0 0 5 0.0 0.0
4922 262 0 0 5 0.0 0.0
4923 263 0 0 5 0.0 0.0
4924 264 0 0 5 0.0 0.0
4925 265 0 0 5 0.0 0.0
4926 266 0 0 5 0.0 0.0
4927 267 0 0 5 0.0 0.0
4928 268 0 0 5 0.0 0.0
4929 269 0 0 5 0.0 0.0
4930 270 0 0 5 0.0 0.0
4931 271 0 0 5 0.0 0.0
4932 272 0 0 5 0.0 0.0
4933 273 0 0 5 0.0 0.0
4934 274 0 0 5 0.0 0.0
4935 275 0 0 5 0.0 0.0
4936 276 0 0 5 0.0 0.0
4937 277 0 0 5 0.0 0.0
4938 278 0 0 5 0.0 0.0
4939 279 0 0 5 0.0 0.0
4940 280 0 0 5 0.0 0.0
4941 281 0 0 5 0.0 0.0
4942 282 0 0 5 0.0 0.0
4943 283 0 0 5 0.0 0.0
4944 284 0 0 5 0.0 0.0
4945 285 0 0 5 0.0 0.0
4946 286 0 0 5 0.0 0.0
4947 287 0 0 5 0.0 0.0
4948 288 0 0 5 0.0 0.0
4949 289 0 0 5 0.0 0.0
4950 290 0 0 5 0.0 0.0
4951 291 0 0 5 0.0 0.0
4952 292 0 0 5 0.0 0.0
4953 293 0 0 5 0.0 0.0
4954 294 0 0 5 0.0 0.0
4955 295 0 0 5 0.0 0.0
4956 296 0 0 5 0.0 0.0
4957 297 0 0 5 0.0 0.0
4958 298 0 0 5 0.0 0.0
4959 299 0 0 5 0.0 0.0
4960 300 0 0 5 0.0 0.0
4961 301 0 0 5 0.0 0.0
4962 302 0 0 5 0.0 0.0
4963 303 0 0 5 0.0 0.0
4964 304 0 0 5 0.0 0.0
4965 305 0 0 5 0.0 0.0
4966 306 0 0 5 0.0 0.0
4967 307 0 0 5 0.0 0.0
4968 308 0 0 5 0.0 0.0
4969 309 0 0 5 0.0 0.0
4970 310 0 0 5 0.0 0.0
4971 311 0 0 5 0.0 0.0
4972 312 0 0 5 0.0 0.0
4973 313 0 0 5 0.0 0.0
4974 314 0 0 5 0.0 0.0
4975 315 0 0 5 0.0 0.0
4976 316 0 0 5 0.0 0.0
4977 317 0 0 5 0.0 0.0
4978 318 0 0 5 0.0 0.0
4979 319 0 0 5 0.0 0.0
4980 320 0 0 5 0.0 0.0
4981 321 0 0 5 0.0 0.0
4982 322 0 0 5 0.0 0.0
4983 323 0 0 5 0.0 0.0
4984 324 0 0 5 0.0 0.0
4985 325 0 0 5 0.0 0.0
4986 326 0 0 5 0.0 0.0
4987 327 0 0 5 0.0 0.0
4988 328 0 0 5 0.0 0.0
4989 329 0 0 5 0.0 0.0
4990 330 0 0 5 0.0 0.0
4991 331 0 0 5 0.0 0.0
4992 332 0 0 5 0.0 0.0
4993 333 0 0 5 0.0 0.0
4994 334 0 0 5 0.0 0.0
4995 335 0 0 5 0.0 0.0
4996 336 0 0 5 0.0 0.0
4997 337 0 0 5 0.0 0.0
4998 338 0 0 5 0.0 0.0
4999 339 0 0 5 0.0 0.0
5000 340 0 0 5 0.0 0.0
5001 341 0 0 5 0.0 0.0
5002 342 0 0 5 0.0 0.0
5003 343 0 0 5 0.0 0.0
5004 344 0 0 5 0.0 0.0
5005 345 0 0 5 0.0 0.0
5006 346 0 0 5 0.0 0.0
5007 347 0 0 5 0.0 0.0
5008 348 0 0 5 0.0 0.0
5009 349 0 0 5 0.0 0.0
5010 350 0 0 5 0.0 0.0
5011 351 0 0 5 0.0 0.0
5012 352 0 0 5 0.0 0.0
5013 353 0 0 5 0.0 0.0
5014 354 0 0 5 0.0 0.0
5015 355 0 0 5 0.0 0.0
5016 356 0 0 5 0.0 0.0
5017 357 0 0 5 0.0 0.0
5018 358 0 0 5 0.0 0.0
5019 359 0 0 5 0.0 0.0
5020 360 0 0 5 0.0 0.0
5021 361 0 0 5 0.0 0.0
5022 362 0 0 5 0.0 0.0
5023 363 0 0 5 0.0 0.0
5024 364 0 0 5 0.0 0.0
5025 365 0 0 5 0.0 0.0
# Starting new year: 2024
5026 1 0 0 5 0.0 0.0
5027 2 0 0 5 0.0 0.0
5028 3 0 0 5 0.0 0.0
5029 4 0 0 5 0.0 0.0
5030 5 0 0 5 0.0 0.0
5031 6 0 0 5 0.0 0.0
5032 7 0 0 5 0.0 0.0
5033 8 0 0 5 0.0 0.0
5034 9 0 0 5 0.0 0.0
5035 10 0 0 5 0.0 0.0
5036 11 0 0 5 0.0 0.0
5037 12 0 0 5 0.0 0.0
5038 13 0 0 5 0.0 0.0
5039 14 0 0 5 0.0 0.0
5040 15 0 0 5 0.0 0.0
5041 16 0 0 5 0.0 0.0
5042 17 0 0 5 0.0 0.0
5043 18 0 0 5 0.0 0.0
5044 19 0 0 5 0.0 0.0
5045 20 0 0 5 0.0 0.0
5046 21 0 0 5 0.0 0.0
5047 22 0 0 5 0.0 0.0
5048 23 0 0 5 0.0 0.0
5049 24 0 0 5 0.0 0.0
5050 25 0 0 5 0.0 0.0
5051 26 0 0 5 0.0 0.0
5052 27 0 0 5 0.0 0.0
5053 28 0 0 5 0.0 0.0
5054 29 0 0 5 0.0 0.0
5055 30 0 0 5 0.0 0.0
5056 31 0 0 5 0.0 0.0
5057 32 0 0 5 0.0 0.0
5058 33 0 0 5 0.0 0.0
5059 34 0 0 5 0.0 0.0
5060 35 0 0 5 0.0 0.0
5061 36 0 0 5 0.0 0.0
5062 37 0 0 5 0.0 0.0
5063 38 0 0 5 0.0 0.0
5064 39 0 0 5 0.0 0.0
5065 40 0 0 5 0.0 0.0
5066 41 0 0 5 0.0 0.0
5067 42 0 0 5 0.0 0.0
5068 43 0 0 5 0.0 0.0
5069 44 0 0 5 0.0 0.0
5070 45 0 0 5 0.0 0.0
5071 46 0 0 5 0.0 0.0
5072 47 0 0 5 0.0 0.0
5073 48 0 0 5 0.0 0.0
5074 49 0 0 5 0.0 0.0
5075 50 0 0 5 0.0 0.0
5076 51 0 0 5 0.0 0.0
5077 52 0 0 5 0.0 0.0
5078 53 0 0 5 0.0 0.0
5079 54 0 0 5 0.0 0.0
5080 55 0 0 5 0.0 0.0
5081 56 0 0 5 0.0 0.0
5082 57 0 0 5 0.0 0.0
5083 58 0 0 5 0.0 0.0
5084 59 0 0 5 0.0 0.0
5085 60 0 0 5 0.0 0.0
5086 61 0 0 5 0.0 0.0
5087 62 0 0 5 0.0 0.0
5088 63 0 0 5 0.0 0.0
5089 64 0 0 5 0.0 0.0
5090 65 0 0 5 0.0 0.0
5091 66 0 0 5 0.0 0.0
5092 67 0 0 5 0.0 0.0
5093 68 0 0 5 0.0 0.0
5094 69 0 0 5 0.0 0.0
5095 70 0 0 5 0.0 0.0
5096 71 0 0 5 0.0 0.0
5097 72 0 0 5 0.0 0.0
5098 73 0 0 5 0.0 0.0
5099 74 0 0 5 0.0 0.0
5100 75 0 0 5 0.0 0.0
5101 76 0 0 5 0.0 0.0
5102 77 0 0 5 0.0 0.0
5103 78 0 0 5 0.0 0.0
5104 79 0 0 5 0.0 0.0
5105 80 0 0 5 0.0 0.0
5106 81 0 0 5 0.0 0.0
5107 82 0 0 5 0.0 0.0
5108 83 0 0 5 0.0 0.0
5109 84 0 0 5 0.0 0.0
5110 85 0 0 5 0.0 0.0
5111 86 0 0 5 0.0 0.0
5112 87 0 0 5 0.0 0.0
5113 88 0 0 5 0.0 0.0
5114 89 0 0 5 0.0 0.0
5115 90 0 0 5 0.0 0.0
5116 91 0 0 5 0.0 0.0
5117 92 0 0 5 0.0 0.0
5118 93 0 0 5 0.0 0.0
5119 94 0 0 5 0.0 0.0
5120 95 0 0 5 0.0 0.0
5121 96 0 0 5 0.0 0.0
5122 97 0 0 5 0.0 0.0
5123 98 0 0 5 0.0 0.0
5124 99 0 0 5 0.0 0.0
5125 100 0 0 5 0.0 0.0
5126 101 0 0 5 0.0 0.0
5127 102 0 0 5 0.0 0.0
5128 103 0 0 5 0.0 0.0
5129 104 0 0 5 0.0 0.0
5130 105 0 0 5 0.0 0.0
5131 106 0 0 5 0.0 0.0
5132 107 0 0 5 0.0 0.0
5133 108 0 0 5 0.0 0.0
5134 109 0 0 5 0.0 0.0
5135 110 0 0 5 0.0 0.0
5136 111 0 0 5 0.0 0.0
5137 112 0 0 5 0.0 0.0
5138 113 0 0 5 0.0 0.0
5139 114 0 0 5 0.0 0.0
5140 115 0 0 5 0.0 0.0
5141 116 0 0 5 0.0 0.0
5142 117 0 0 5 0.0 0.0
5143 118 0 0 5 0.0 0.0
5144 119 0 0 5 0.0 0.0
5145 120 0 0 5 0.0 0.0
5146 121 0 0 5 0.0 0.0
5147 122 0 0 5 0.0 0.0
5148 123 0 0 5 0.0 0.0
5149 124 0 0 5 0.0 0.0
5150 125 0 0 5 0.0 0.0
5151 126 13.6 0.813043 -20 0.0 0.0
5152 127 13.6 0.813043 -20 0.0 0.0
5153 128 13.6 0.813043 -20 0.0 0.0
5154 129 13.6 0.813043 -20 0.0 0.0
5155 130 13.6 0.813043 -20 0.0 0.0
5156 131 13.6 0.813043 -20 0.0 0.0
5157 132 13.6 0.813043 -20 0.0 0.0
5158 133 13.6 0.813043 -20 0.0 0.0
5159 134 13.6 0.813043 -20 0.0 0.0
5160 135 13.6 0.813043 -20 0.0 0.0
5161 136 13.6 0.813043 -20 0.0 0.0
5162 137 13.6 0.813043 -20 0.0 0.0
5163 138 13.6 0.813043 -20 0.0 0.0
5164 139 13.6 0.813043 -20 0.0 0.0
5165 140 13.6 0.813043 -20 0.0 0.0
5166 141 13.6 0.813043 -20 0.0 0.0
5167 142 13.6 0.813043 -20 0.0 0.0
5168 143 13.6 0.813043 -20 0.0 0.0
5169 144 13.6 0.813043 -20 0.0 0.0
5170 145 13.6 0.813043 -20 0.0 0.0
5171 146 13.6 0.813043 -20 0.0 0.0
5172 147 13.6 0.813043 -20 0.0 0.0
5173 148 13.6 0.813043 -20 0.0 0.0
5174 149 13.6 0.813043 -20 0.0 0.0
5175 150 13.6 0.813043 -20 0.0 0.0
5176 151 13.6 0.813043 -20 0.0 0.0
5177 152 13.6 0.813043 -20 0.0 0.0
5178 153 13.6 0.813043 -20 0.0 0.0
5179 154 13.6 0.813043 -20 0.0 0.0
5180 155 13.6 0.813043 -20 0.0 0.0
5181 156 13.6 0.813043 -20 0.0 0.0
5182 157 13.6 0.813043 -20 0.0 0.0
5183 158 13.6 0.813043 -20 0.0 0.0
5184 159 13.6 0.813043 -20 0.0 0.0
5185 160 13.6 0.813043 -20 0.0 0.0
5186 161 13.6 0.813043 -20 0.0 0.0
5187 162 13.6 0.813043 -20 0.0 0.0
5188 163 13.6 0.813043 -20 0.0 0.0
5189 164 13.6 0.813043 -20 0.0 0.0
5190 165 13.6 0.813043 -20 0.0 0.0
5191 166 13.6 0.813043 -20 0.0 0.0
5192 167 13.6 0.813043 -20 0.0 0.0
5193 168 13.6 0.813043 -20 0.0 0.0
5194 169 13.6 0.813043 -20 0.0 0.0
5195 170 13.6 0.813043 -20 0.0 0.0
5196 171 13.6 0.813043 -20 0.0 0.0
5197 172 13.6 0.813043 -20 0.0 0.0
5198 173 13.6 0.813043 -20 0.0 0.0
5199 174 13.6 0.813043 -20 0.0 0.0
5200 175 13.6 0.813043 -20 0.0 0.0
5201 176 13.6 0.813043 -20 0.0 0.0
5202 177 13.6 0.813043 -20 0.0 0.0
5203 178 13.6 0.813043 -20 0.0 0.0
5204 179 13.6 0.813043 -20 0.0 0.0
5205 180 13.6 0.813043 -20 0.0 0.0
5206 181 13.6 0.813043 -20 0.0 0.0
5207 182 13.6 0.813043 -20 0.0 0.0
5208 183 13.6 0.813043 -20 0.0 0.0
5209 184 13.6 0.813043 -20 0.0 0.0
5210 185 13.6 0.813043 -20 0.0 0.0
5211 186 13.6 0.813043 -20 0.0 0.0
5212 187 13.6 0.813043 -20 0.0 0.0
5213 188 13.6 0.813043 -20 0.0 0.0
5214 189 13.6 0.813043 -20 0.0 0.0
5215 190 13.6 0.813043 -20 0.0 0.0
5216 191 13.6 0.813043 -20 0.0 0.0
5217 192 13.6 0.813043 -20 0.0 0.0
5218 193 13.6 0.813043 -20 0.0 0.0
5219 194 13.6 0.813043 -20 0.0 0.0
5220 195 13.6 0.813043 -20 0.0 0.0
5221 196 13.6 0.813043 -20 0.0 0.0
5222 197 13.6 0.813043 -20 0.0 0.0
5223 198 13.6 0.813043 -20 0.0 0.0
5224 199 13.6 0.813043 -20 0.0 0.0
5225 200 13.6 0.813043 -20 0.0 0.0
5226 201 13.6 0.813043 -20 0.0 0.0
5227 202 13.6 0.813043 -20 0.0 0.0
5228 203 13.6 0.813043 -20 0.0 0.0
5229 204 13.6 0.813043 -20 0.0 0.0
5230 205 13.6 0.813043 -20 0.0 0.0
5231 206 13.6 0.813043 -20 0.0 0.0
5232 207 13.6 0.813043 -20 0.0 0.0
5233 208 13.6 0.813043 -20 0.0 0.0
5234 209 13.6 0.813043 -20 0.0 0.0
5235 210 13.6 0.813043 -20 0.0 0.0
5236 211 13.6 0.813043 -20 0.0 0.0
5237 212 13.6 0.813043 -20 0.0 0.0
5238 213 13.6 0.813043 -20 0.0 0.0
5239 214 13.6 0.813043 -20 0.0 0.0
5240 215 13.6 0.813043 -20 0.0 0.0
5241 216 13.6 0.813043 -20 0.0 0.0
5242 217 13.6 0.813043 -20 0.0 0.0
5243 218 13.6 0.813043 -20 0.0 0.0
5244 219 13.6 0.813043 -20 0.0 0.0
5245 220 13.6 0.813043 -20 0.0 0.0
5246 221 13.6 0.813043 -20 0.0 0.0
5247 222 13.6 0.813043 -20 0.0 0.0
5248 223 13.6 0.813043 -20 0.0 0.0
5249 224 13.6 0.813043 -20 0.0 0.0
5250 225 13.6 0.813043 -20 0.0 0.0
5251 226 13.6 0.813043 -20 0.0 0.0
5252 227 13.6 0.813043 -20 0.0 0.0
5253 228 13.6 0.813043 -20 0.0 0.0
5254 229 13.6 0.813043 -20 0.0 0.0
5255 230 13.6 0.813043 -20 0.0 0.0
5256 231 13.6 0.813043 -20 0.0 0.0
5257 232 13.6 0.813043 -20 0.0 0.0
5258 233 13.6 0.813043 -20 0.0 0.0
5259 234 13.6 0.813043 -20 0.0 0.0
5260 235 13.6 0.813043 -20 0.0 0.0
5261 236 13.6 0.813043 -20 0.0 0.0
5262 237 13.6 0.813043 -20 0.0 0.0
5263 238 13.6 0.813043 -20 0.0 0.0
5264 239 13.6 0.813043 -20 0.0 0.0
5265 240 13.6 0.813043 -20 0.0 0.0
5266 241 0 0 5 0.0 0.0
5267 242 0 0 5 0.0 0.0
5268 243 0 0 5 0.0 0.0
5269 244 0 0 5 0.0 0.0
5270 245 0 0 5 0.0 0.0
5271 246 0 0 5 0.0 0.0
5272 247 0 0 5 0.0 0.0
5273 248 0 0 5 0.0 0.0
5274 249 0 0 5 0.0 0.0
5275 250 0 0 5 0.0 0.0
5276 251 0 0 5 0.0 0.0
5277 252 0 0 5 0.0 0.0
5278 253 0 0 5 0.0 0.0
5279 254 0 0 5 0.0 0.0
5280 255 0 0 5 0.0 0.0
5281 256 0 0 5 0.0 0.0
5282 257 0 0 5 0.0 0.0
5283 258 0 0 5 0.0 0.0
5284 259 0 0 5 0.0 0.0
5285 260 0 0 5 0.0 0.0
5286 261 0 0 5 0.0 0.0
5287 262 0 0 5 0.0 0.0
5288 263 0 0 5 0.0 0.0
5289 264 0 0 5 0.0 0.0
5290 265 0 0 5 0.0 0.0
5291 266 0 0 5 0.0 0.0
5292 267 0 0 5 0.0 0.0
5293 268 0 0 5 0.0 0.0
5294 269 0 0 5 0.0 0.0
5295 270 0 0 5 0.0 0.0
5296 271 0 0 5 0.0 0.0
5297 272 0 0 5 0.0 0.0
5298 273 0 0 5 0.0 0.0
5299 274 0 0 5 0.0 0.0
5300 275 0 0 5 0.0 0.0
5301 276 0 0 5 0.0 0.0
5302 277 0 0 5 0.0 0.0
5303 278 0 0 5 0.0 0.0
5304 279 0 0 5 0.0 0.0
5305 280 0 0 5 0.0 0.0
5306 281 0 0 5 0.0 0.0
5307 282 0 0 5 0.0 0.0
5308 283 0 0 5 0.0 0.0
5309 284 0 0 5 0.0 0.0
5310 285 0 0 5 0.0 0.0
5311 286 0 0 5 0.0 0.0
5312 287 0 0 5 0.0 0.0
5313 288 0 0 5 0.0 0.0
5314 289 0 0 5 0.0 0.0
5315 290 0 0 5 0.0 0.0
5316 291 0 0 5 0.0 0.0
5317 292 0 0 5 0.0 0.0
5318 293 0 0 5 0.0 0.0
5319 294 0 0 5 0.0 0.0
5320 295 0 0 5 0.0 0.0
5321 296 0 0 5 0.0 0.0
5322 297 0 0 5 0.0 0.0
5323 298 0 0 5 0.0 0.0
5324 299 0 0 5 0.0 0.0
5325 300 0 0 5 0.0 0.0
5326 301 0 0 5 0.0 0.0
5327 302 0 0 5 0.0 0.0
5328 303 0 0 5 0.0 0.0
5329 304 0 0 5 0.0 0.0
5330 305 0 0 5 0.0 0.0
5331 306 0 0 5 0.0 0.0
5332 307 0 0 5 0.0 0.0
5333 308 0 0 5 0.0 0.0
5334 309 0 0 5 0.0 0.0
5335 310 0 0 5 0.0 0.0
5336 311 0 0 5 0.0 0.0
5337 312 0 0 5 0.0 0.0
5338 313 0 0 5 0.0 0.0
5339 314 0 0 5 0.0 0.0
5340 315 0 0 5 0.0 0.0
5341 316 0 0 5 0.0 0.0
5342 317 0 0 5 0.0 0.0
5343 318 0 0 5 0.0 0.0
5344 319 0 0 5 0.0 0.0
5345 320 0 0 5 0.0 0.0
5346 321 0 0 5 0.0 0.0
5347 322 0 0 5 0.0 0.0
5348 323 0 0 5 0.0 0.0
5349 324 0 0 5 0.0 0.0
5350 325 0 0 5 0.0 0.0
5351 326 0 0 5 0.0 0.0
5352 327 0 0 5 0.0 0.0
5353 328 0 0 5 0.0 0.0
5354 329 0 0 5 0.0 0.0
5355 330 0 0 5 0.0 0.0
5356 331 0 0 5 0.0 0.0
5357 332 0 0 5 0.0 0.0
5358 333 0 0 5 0.0 0.0
5359 334 0 0 5 0.0 0.0
5360 335 0 0 5 0.0 0.0
5361 336 0 0 5 0.0 0.0
5362 337 0 0 5 0.0 0.0
5363 338 0 0 5 0.0 0.0
5364 339 0 0 5 0.0 0.0
5365 340 0 0 5 0.0 0.0
5366 341 0 0 5 0.0 0.0
5367 342 0 0 5 0.0 0.0
5368 343 0 0 5 0.0 0.0
5369 344 0 0 5 0.0 0.0
5370 345 0 0 5 0.0 0.0
5371 346 0 0 5 0.0 0.0
5372 347 0 0 5 0.0 0.0
5373 348 0 0 5 0.0 0.0
5374 349 0 0 5 0.0 0.0
5375 350 0 0 5 0.0 0.0
5376 351 0 0 5 0.0 0.0
5377 352 0 0 5 0.0 0.0
5378 353 0 0 5 0.0 0.0
5379 354 0 0 5 0.0 0.0
5380 355 0 0 5 0.0 0.0
5381 356 0 0 5 0.0 0.0
5382 357 0 0 5 0.0 0.0
5383 358 0 0 5 0.0 0.0
5384 359 0 0 5 0.0 0.0
5385 360 0 0 5 0.0 0.0
5386 361 0 0 5 0.0 0.0
5387 362 0 0 5 0.0 0.0
5388 363 0 0 5 0.0 0.0
5389 364 0 0 5 0.0 0.0
5390 365 0 0 5 0.0 0.0
# Starting new year: 2025
5391 1 0 0 5 0.0 0.0
5392 2 0 0 5 0.0 0.0
5393 3 0 0 5 0.0 0.0
5394 4 0 0 5 0.0 0.0
5395 5 0 0 5 0.0 0.0
5396 6 0 0 5 0.0 0.0
5397 7 0 0 5 0.0 0.0
5398 8 0 0 5 0.0 0.0
5399 9 0 0 5 0.0 0.0
5400 10 0 0 5 0.0 0.0
5401 11 0 0 5 0.0 0.0
5402 12 0 0 5 0.0 0.0
5403 13 0 0 5 0.0 0.0
5404 14 0 0 5 0.0 0.0
5405 15 0 0 5 0.0 0.0
5406 16 0 0 5 0.0 0.0
5407 17 0 0 5 0.0 0.0
5408 18 0 0 5 0.0 0.0
5409 19 0 0 5 0.0 0.0
5410 20 0 0 5 0.0 0.0
5411 21 0 0 5 0.0 0.0
5412 22 0 0 5 0.0 0.0
5413 23 0 0 5 0.0 0.0
5414 24 0 0 5 0.0 0.0
5415 25 0 0 5 0.0 0.0
5416 26 0 0 5 0.0 0.0
5417 27 0 0 5 0.0 0.0
5418 28 0 0 5 0.0 0.0
5419 29 0 0 5 0.0 0.0
5420 30 0 0 5 0.0 0.0
5421 31 0 0 5 0.0 0.0
5422 32 0 0 5 0.0 0.0
5423 33 0 0 5 0.0 0.0
5424 34 0 0 5 0.0 0.0
5425 35 0 0 5 0.0 0.0
5426 36 0 0 5 0.0 0.0
5427 37 0 0 5 0.0 0.0
5428 38 0 0 5 0.0 0.0
5429 39 0 0 5 0.0 0.0
5430 40 0 0 5 0.0 0.0
5431 41 0 0 5 0.0 0.0
5432 42 0 0 5 0.0 0.0
5433 43 0 0 5 0.0 0.0
5434 44 0 0 5 0.0 0.0
5435 45 0 0 5 0.0 0.0
5436 46 0 0 5 0.0 0.0
5437 47 0 0 5 0.0 0.0
5438 48 0 0 5 0.0 0.0
5439 49 0 0 5 0.0 0.0
5440 50 0 0 5 0.0 0.0
5441 51 0 0 5 0.0 0.0
5442 52 0 0 5 0.0 0.0
5443 53 0 0 5 0.0 0.0
5444 54 0 0 5 0.0 0.0
5445 55 0 0 5 0.0 0.0
5446 56 0 0 5 0.0 0.0
5447 57 0 0 5 0.0 0.0
5448 58 0 0 5 0.0 0.0
5449 59 0 0 5 0.0 0.0
5450 60 0 0 5 0.0 0.0
5451 61 0 0 5 0.0 0.0
5452 62 0 0 5 0.0 0.0
5453 63 0 0 5 0.0 0.0
5454 64 0 0 5 0.0 0.0
5455 65 0 0 5 0.0 0.0
5456 66 0 0 5 0.0 0.0
5457 67 0 0 5 0.0 0.0
5458 68 0 0 5 0.0 0.0
5459 69 0 0 5 0.0 0.0
5460 70 0 0 5 0.0 0.0
5461 71 0 0 5 0.0 0.0
5462 72 0 0 5 0.0 0.0
5463 73 0 0 5 0.0 0.0
5464 74 0 0 5 0.0 0.0
5465 75 0 0 5 0.0 0.0
5466 76 0 0 5 0.0 0.0
5467 77 0 0 5 0.0 0.0
5468 78 0 0 5 0.0 0.0
5469 79 0 0 5 0.0 0.0
5470 80 0 0 5 0.0 0.0
5471 81 0 0 5 0.0 0.0
5472 82 0 0 5 0.0 0.0
5473 83 0 0 5 0.0 0.0
5474 84 0 0 5 0.0 0.0
5475 85 0 0 5 0.0 0.0
5476 86 0 0 5 0.0 0.0
5477 87 0 0 5 0.0 0.0
5478 88 0 0 5 0.0 0.0
5479 89 0 0 5 0.0 0.0
5480 90 0 0 5 0.0 0.0
5481 91 0 0 5 0.0 0.0
5482 92 0 0 5 0.0 0.0
5483 93 0 0 5 0.0 0.0
5484 94 0 0 5 0.0 0.0
5485 95 0 0 5 0.0 0.0
5486 96 0 0 5 0.0 0.0
5487 97 0 0 5 0.0 0.0
5488 98 0 0 5 0.0 0.0
5489 99 0 0 5 0.0 0.0
5490 100 0 0 5 0.0 0.0
5491 101 0 0 5 0.0 0.0
5492 102 0 0 5 0.0 0.0
5493 103 0 0 5 0.0 0.0
5494 104 0 0 5 0.0 0.0
5495 105 0 0 5 0.0 0.0
5496 106 0 0 5 0.0 0.0
5497 107 0 0 5 0.0 0.0
5498 108 0 0 5 0.0 0.0
5499 109 0 0 5 0.0 0.0
5500 110 0 0 5 0.0 0.0
5501 111 0 0 5 0.0 0.0
5502 112 0 0 5 0.0 0.0
5503 113 0 0 5 0.0 0.0
5504 114 0 0 5 0.0 0.0
5505 115 0 0 5 0.0 0.0
5506 116 0 0 5 0.0 0.0
5507 117 0 0 5 0.0 0.0
5508 118 0 0 5 0.0 0.0
5509 119 0 0 5 0.0 0.0
5510 120 0 0 5 0.0 0.0
5511 121 0 0 5 0.0 0.0
5512 122 0 0 5 0.0 0.0
5513 123 0 0 5 0.0 0.0
5514 124 0 0 5 0.0 0.0
5515 125 0 0 5 0.0 0.0
5516 126 13.6 0.779167 -20 0.0 0.0
5517 127 13.6 0.779167 -20 0.0 0.0
5518 128 13.6 0.779167 -20 0.0 0.0
5519 129 13.6 0.779167 -20 0.0 0.0
5520 130 13.6 0.779167 -20 0.0 0.0
5521 131 13.6 0.779167 -20 0.0 0.0
5522 132 13.6 0.779167 -20 0.0 0.0
5523 133 13.6 0.779167 -20 0.0 0.0
5524 134 13.6 0.779167 -20 0.0 0.0
5525 135 13.6 0.779167 -20 0.0 0.0
5526 136 13.6 0.779167 -20 0.0 0.0
5527 137 13.6 0.779167 -20 0.0 0.0
5528 138 13.6 0.779167 -20 0.0 0.0
5529 139 13.6 0.779167 -20 0.0 0.0
5530 140 13.6 0.779167 -20 0.0 0.0
5531 141 13.6 0.779167 -20 0.0 0.0
5532 142 13.6 0.779167 -20 0.0 0.0
5533 143 13.6 0.779167 -20 0.0 0.0
5534 144 13.6 0.779167 -20 0.0 0.0
5535 145 13.6 0.779167 -20 0.0 0.0
5536 146 13.6 0.779167 -20 0.0 0.0
5537 147 13.6 0.779167 -20 0.0 0.0
5538 148 13.6 0.779167 -20 0.0 0.0
5539 149 13.6 0.779167 -20 0.0 0.0
5540 150 13.6 0.779167 -20 0.0 0.0
5541 151 13.6 0.779167 -20 0.0 0.0
5542 152 13.6 0.779167 -20 0.0 0.0
5543 153 13.6 0.779167 -20 0.0 0.0
5544 154 13.6 0.779167 -20 0.0 0.0
5545 155 13.6 0.779167 -20 0.0 0.0
5546 156 13.6 0.779167 -20 0.0 0.0
5547 157 13.6 0.779167 -20 0.0 0.0
5548 158 13.6 0.779167 -20 0.0 0.0
5549 159 13.6 0.779167 -20 0.0 0.0
5550 160 13.6 0.779167 -20 0.0 0.0
5551 161 13.6 0.779167 -20 0.0 0.0
5552 162 13.6 0.779167 -20 0.0 0.0
5553 163 13.6 0.779167 -20 0.0 0.0
5554 164 13.6 0.779167 -20 0.0 0.0
5555 165 13.6 0.779167 -20 0.0 0.0
5556 166 13.6 0.779167 -20 0.0 0.0
5557 167 13.6 0.779167 -20 0.0 0.0
5558 168 13.6 0.779167 -20 0.0 0.0
5559 169 13.6 0.779167 -20 0.0 0.0
5560 170 13.6 0.779167 -20 0.0 0.0
5561 171 13.6 0.779167 -20 0.0 0.0
5562 172 13.6 0.779167 -20 0.0 0.0
5563 173 13.6 0.779167 -20 0.0 0.0
5564 174 13.6 0.779167 -20 0.0 0.0
5565 175 13.6 0.779167 -20 0.0 0.0
5566 176 13.6 0.779167 -20 0.0 0.0
5567 177 13.6 0.779167 -20 0.0 0.0
5568 178 13.6 0.779167 -20 0.0 0.0
5569 179 13.6 0.779167 -20 0.0 0.0
5570 180 13.6 0.779167 -20 0.0 0.0
5571 181 13.6 0.779167 -20 0.0 0.0
5572 182 13.6 0.779167 -20 0.0 0.0
5573 183 13.6 0.779167 -20 0.0 0.0
5574 184 13.6 0.779167 -20 0.0 0.0
5575 185 13.6 0.779167 -20 0.0 0.0
5576 186 13.6 0.779167 -20 0.0 0.0
5577 187 13.6 0.779167 -20 0.0 0.0
5578 188 13.6 0.779167 -20 0.0 0.0
5579 189 13.6 0.779167 -20 0.0 0.0
5580 190 13.6 0.779167 -20 0.0 0.0
5581 191 13.6 0.779167 -20 0.0 0.0
5582 192 13.6 0.779167 -20 0.0 0.0
5583 193 13.6 0.779167 -20 0.0 0.0
5584 194 13.6 0.779167 -20 0.0 0.0
5585 195 13.6 0.779167 -20 0.0 0.0
5586 196 13.6 0.779167 -20 0.0 0.0
5587 197 13.6 0.779167 -20 0.0 0.0
5588 198 13.6 0.779167 -20 0.0 0.0
5589 199 13.6 0.779167 -20 0.0 0.0
5590 200 13.6 0.779167 -20 0.0 0.0
5591 201 13.6 0.779167 -20 0.0 0.0
5592 202 13.6 0.779167 -20 0.0 0.0
5593 203 13.6 0.779167 -20 0.0 0.0
5594 204 13.6 0.779167 -20 0.0 0.0
5595 205 13.6 0.779167 -20 0.0 0.0
5596 206 13.6 0.779167 -20 0.0 0.0
5597 207 13.6 0.779167 -20 0.0 0.0
5598 208 13.6 0.779167 -20 0.0 0.0
5599 209 13.6 0.779167 -20 0.0 0.0
5600 210 13.6 0.779167 -20 0.0 0.0
5601 211 13.6 0.779167 -20 0.0 0.0
5602 212 13.6 0.779167 -20 0.0 0.0
5603 213 13.6 0.779167 -20 0.0 0.0
5604 214 13.6 0.779167 -20 0.0 0.0
5605 215 13.6 0.779167 -20 0.0 0.0
5606 216 13.6 0.779167 -20 0.0 0.0
5607 217 13.6 0.779167 -20 0.0 0.0
5608 218 13.6 0.779167 -20 0.0 0.0
5609 219 13.6 0.779167 -20 0.0 0.0
5610 220 13.6 0.779167 -20 0.0 0.0
5611 221 13.6 0.779167 -20 0.0 0.0
5612 222 13.6 0.779167 -20 0.0 0.0
5613 223 13.6 0.779167 -20 0.0 0.0
5614 224 13.6 0.779167 -20 0.0 0.0
5615 225 13.6 0.779167 -20 0.0 0.0
5616 226 13.6 0.779167 -20 0.0 0.0
5617 227 13.6 0.779167 -20 0.0 0.0
5618 228 13.6 0.779167 -20 0.0 0.0
5619 229 13.6 0.779167 -20 0.0 0.0
5620 230 13.6 0.779167 -20 0.0 0.0
5621 231 13.6 0.779167 -20 0.0 0.0
5622 232 13.6 0.779167 -20 0.0 0.0
5623 233 13.6 0.779167 -20 0.0 0.0
5624 234 13.6 0.779167 -20 0.0 0.0
5625 235 13.6 0.779167 -20 0.0 0.0
5626 236 13.6 0.779167 -20 0.0 0.0
5627 237 13.6 0.779167 -20 0.0 0.0
5628 238 13.6 0.779167 -20 0.0 0.0
5629 239 13.6 0.779167 -20 0.0 0.0
5630 240 13.6 0.779167 -20 0.0 0.0
5631 241 13.6 0.779167 -20 0.0 0.0
5632 242 13.6 0.779167 -20 0.0 0.0
5633 243 13.6 0.779167 -20 0.0 0.0
5634 244 13.6 0.779167 -20 0.0 0.0
5635 245 13.6 0.779167 -20 0.0 0.0
5636 246 0 0 5 0.0 0.0
5637 247 0 0 5 0.0 0.0
5638 248 0 0 5 0.0 0.0
5639 249 0 0 5 0.0 0.0
5640 250 0 0 5 0.0 0.0
5641 251 0 0 5 0.0 0.0
5642 252 0 0 5 0.0 0.0
5643 253 0 0 5 0.0 0.0
5644 254 0 0 5 0.0 0.0
5645 255 0 0 5 0.0 0.0
5646 256 0 0 5 0.0 0.0
5647 257 0 0 5 0.0 0.0
5648 258 0 0 5 0.0 0.0
5649 259 0 0 5 0.0 0.0
5650 260 0 0 5 0.0 0.0
5651 261 0 0 5 0.0 0.0
5652 262 0 0 5 0.0 0.0
5653 263 0 0 5 0.0 0.0
5654 264 0 0 5 0.0 0.0
5655 265 0 0 5 0.0 0.0
5656 266 0 0 5 0.0 0.0
5657 267 0 0 5 0.0 0.0
5658 268 0 0 5 0.0 0.0
5659 269 0 0 5 0.0 0.0
5660 270 0 0 5 0.0 0.0
5661 271 0 0 5 0.0 0.0
5662 272 0 0 5 0.0 0.0
5663 273 0 0 5 0.0 0.0
5664 274 0 0 5 0.0 0.0
5665 275 0 0 5 0.0 0.0
5666 276 0 0 5 0.0 0.0
5667 277 0 0 5 0.0 0.0
5668 278 0 0 5 0.0 0.0
5669 279 0 0 5 0.0 0.0
5670 280 0 0 5 0.0 0.0
5671 281 0 0 5 0.0 0.0
5672 282 0 0 5 0.0 0.0
5673 283 0 0 5 0.0 0.0
5674 284 0 0 5 0.0 0.0
5675 285 0 0 5 0.0 0.0
5676 286 0 0 5 0.0 0.0
5677 287 0 0 5 0.0 0.0
5678 288 0 0 5 0.0 0.0
5679 289 0 0 5 0.0 0.0
5680 290 0 0 5 0.0 0.0
5681 291 0 0 5 0.0 0.0
5682 292 0 0 5 0.0 0.0
5683 293 0 0 5 0.0 0.0
5684 294 0 0 5 0.0 0.0
5685 295 0 0 5 0.0 0.0
5686 296 0 0 5 0.0 0.0
5687 297 0 0 5 0.0 0.0
5688 298 0 0 5 0.0 0.0
5689 299 0 0 5 0.0 0.0
5690 300 0 0 5 0.0 0.0
5691 301 0 0 5 0.0 0.0
5692 302 0 0 5 0.0 0.0
5693 303 0 0 5 0.0 0.0
5694 304 0 0 5 0.0 0.0
5695 305 0 0 5 0.0 0.0
5696 306 0 0 5 0.0 0.0
5697 307 0 0 5 0.0 0.0
5698 308 0 0 5 0.0 0.0
5699 309 0 0 5 0.0 0.0
5700 310 0 0 5 0.0 0.0
5701 311 0 0 5 0.0 0.0
5702 312 0 0 5 0.0 0.0
5703 313 0 0 5 0.0 0.0
5704 314 0 0 5 0.0 0.0
5705 315 0 0 5 0.0 0.0
5706 316 0 0 5 0.0 0.0
5707 317 0 0 5 0.0 0.0
5708 318 0 0 5 0.0 0.0
5709 319 0 0 5 0.0 0.0
5710 320 0 0 5 0.0 0.0
5711 321 0 0 5 0.0 0.0
5712 322 0 0 5 0.0 0.0
5713 323 0 0 5 0.0 0.0
5714 324 0 0 5 0.0 0.0
5715 325 0 0 5 0.0 0.0
5716 326 0 0 5 0.0 0.0
5717 327 0 0 5 0.0 0.0
5718 328 0 0 5 0.0 0.0
5719 329 0 0 5 0.0 0.0
5720 330 0 0 5 0.0 0.0
5721 331 0 0 5 0.0 0.0
5722 332 0 0 5 0.0 0.0
5723 333 0 0 5 0.0 0.0
5724 334 0 0 5 0.0 0.0
5725 335 0 0 5 0.0 0.0
5726 336 0 0 5 0.0 0.0
5727 337 0 0 5 0.0 0.0
5728 338 0 0 5 0.0 0.0
5729 339 0 0 5 0.0 0.0
5730 340 0 0 5 0.0 0.0
5731 341 0 0 5 0.0 0.0
5732 342 0 0 5 0.0 0.0
5733 343 0 0 5 0.0 0.0
5734 344 0 0 5 0.0 0.0
5735 345 0 0 5 0.0 0.0
5736 346 0 0 5 0.0 0.0
5737 347 0 0 5 0.0 0.0
5738 348 0 0 5 0.0 0.0
5739 349 0 0 5 0.0 0.0
5740 350 0 0 5 0.0 0.0
5741 351 0 0 5 0.0 0.0
5742 352 0 0 5 0.0 0.0
5743 353 0 0 5 0.0 0.0
5744 354 0 0 5 0.0 0.0
5745 355 0 0 5 0.0 0.0
5746 356 0 0 5 0.0 0.0
5747 357 0 0 5 0.0 0.0
5748 358 0 0 5 0.0 0.0
5749 359 0 0 5 0.0 0.0
5750 360 0 0 5 0.0 0.0
5751 361 0 0 5 0.0 0.0
5752 362 0 0 5 0.0 0.0
5753 363 0 0 5 0.0 0.0
5754 364 0 0 5 0.0 0.0
5755 365 0 0 5 0.0 0.0
# Starting new year: 2026
5756 1 0 0 20 0.0 0.0
5757 2 0 0 20 0.0 0.0
5758 3 0 0 20 0.0 0.0
5759 4 0 0 20 0.0 0.0
5760 5 0 0 20 0.0 0.0
5761 6 0 0 20 0.0 0.0
5762 7 0 0 20 0.0 0.0
5763 8 0 0 20 0.0 0.0
5764 9 0 0 20 0.0 0.0
5765 10 0 0 20 0.0 0.0
5766 11 0 0 20 0.0 0.0
5767 12 0 0 20 0.0 0.0
5768 13 0 0 20 0.0 0.0
5769 14 0 0 20 0.0 0.0
5770 15 0 0 20 0.0 0.0
5771 16 0 0 20 0.0 0.0
5772 17 0 0 20 0.0 0.0
5773 18 0 0 20 0.0 0.0
5774 19 0 0 20 0.0 0.0
5775 20 0 0 20 0.0 0.0
5776 21 0 0 20 0.0 0.0
5777 22 0 0 20 0.0 0.0
5778 23 0 0 20 0.0 0.0
5779 24 0 0 20 0.0 0.0
5780 25 0 0 20 0.0 0.0
5781 26 0 0 20 0.0 0.0
5782 27 0 0 20 0.0 0.0
5783 28 0 0 20 0.0 0.0
5784 29 0 0 20 0.0 0.0
5785 30 0 0 20 0.0 0.0
5786 31 0 0 20 0.0 0.0
5787 32 0 0 20 0.0 0.0
5788 33 0 0 20 0.0 0.0
5789 34 0 0 20 0.0 0.0
5790 35 0 0 20 0.0 0.0
5791 36 0 0 20 0.0 0.0
5792 37 0 0 20 0.0 0.0
5793 38 0 0 20 0.0 0.0
5794 39 0 0 20 0.0 0.0
5795 40 0 0 20 0.0 0.0
5796 41 0 0 20 0.0 0.0
5797 42 0 0 20 0.0 0.0
5798 43 0 0 20 0.0 0.0
5799 44 0 0 20 0.0 0.0
5800 45 0 0 20 0.0 0.0
5801 46 0 0 20 0.0 0.0
5802 47 0 0 20 0.0 0.0
5803 48 0 0 20 0.0 0.0
5804 49 0 0 20 0.0 0.0
5805 50 0 0 20 0.0 0.0
5806 51 0 0 20 0.0 0.0
5807 52 0 0 20 0.0 0.0
5808 53 0 0 20 0.0 0.0
5809 54 0 0 20 0.0 0.0
5810 55 0 0 20 0.0 0.0
5811 56 0 0 20 0.0 0.0
5812 57 0 0 20 0.0 0.0
5813 58 0 0 20 0.0 0.0
5814 59 0 0 20 0.0 0.0
5815 60 0 0 20 0.0 0.0
5816 61 0 0 20 0.0 0.0
5817 62 0 0 20 0.0 0.0
5818 63 0 0 20 0.0 0.0
5819 64 0 0 20 0.0 0.0
5820 65 0 0 20 0.0 0.0
5821 66 0 0 20 0.0 0.0
5822 67 0 0 20 0.0 0.0
5823 68 0 0 20 0.0 0.0
5824 69 0 0 20 0.0 0.0
5825 70 0 0 20 0.0 0.0
5826 71 0 0 20 0.0 0.0
5827 72 0 0 20 0.0 0.0
5828 73 0 0 20 0.0 0.0
5829 74 0 0 20 0.0 0.0
5830 75 0 0 20 0.0 0.0
5831 76 0 0 20 0.0 0.0
5832 77 0 0 20 0.0 0.0
5833 78 0 0 20 0.0 0.0
5834 79 0 0 20 0.0 0.0
5835 80 0 0 20 0.0 0.0
5836 81 0 0 20 0.0 0.0
5837 82 0 0 20 0.0 0.0
5838 83 0 0 20 0.0 0.0
5839 84 0 0 20 0.0 0.0
5840 85 0 0 20 0.0 0.0
5841 86 0 0 20 0.0 0.0
5842 87 0 0 20 0.0 0.0
5843 88 0 0 20 0.0 0.0
5844 89 0 0 20 0.0 0.0
5845 90 0 0 20 0.0 0.0
5846 91 0 0 20 0.0 0.0
5847 92 0 0 20 0.0 0.0
5848 93 0 0 20 0.0 0.0
5849 94 0 0 20 0.0 0.0
5850 95 0 0 20 0.0 0.0
5851 96 0 0 20 0.0 0.0
5852 97 0 0 20 0.0 0.0
5853 98 0 0 20 0.0 0.0
5854 99 0 0 20 0.0 0.0
5855 100 0 0 20 0.0 0.0
5856 101 0 0 20 0.0 0.0
5857 102 0 0 20 0.0 0.0
5858 103 0 0 20 0.0 0.0
5859 104 0 0 20 0.0 0.0
5860 105 0 0 20 0.0 0.0
5861 106 0 0 20 0.0 0.0
5862 107 0 0 20 0.0 0.0
5863 108 0 0 20 0.0 0.0
5864 109 0 0 20 0.0 0.0
5865 110 0 0 20 0.0 0.0
5866 111 0 0 20 0.0 0.0
5867 112 0 0 20 0.0 0.0
5868 113 0 0 20 0.0 0.0
5869 114 0 0 20 0.0 0.0
5870 115 0 0 20 0.0 0.0
5871 116 0 0 20 0.0 0.0
5872 117 0 0 20 0.0 0.0
5873 118 0 0 20 0.0 0.0
5874 119 0 0 20 0.0 0.0
5875 120 0 0 20 0.0 0.0
5876 121 0 0 20 0.0 0.0
5877 122 0 0 20 0.0 0.0
5878 123 0 0 20 0.0 0.0
5879 124 0 0 20 0.0 0.0
5880 125 0 0 20 0.0 0.0
5881 126 0 0 20 0.0 0.0
5882 127 0 0 20 0.0 0.0
5883 128 0 0 20 0.0 0.0
5884 129 0 0 20 0.0 0.0
5885 130 0 0 20 0.0 0.0
5886 131 0 0 20 0.0 0.0
5887 132 0 0 20 0.0 0.0
5888 133 0 0 20 0.0 0.0
5889 134 0 0 20 0.0 0.0
5890 135 0 0 20 0.0 0.0
5891 136 0 0 20 0.0 0.0
5892 137 0 0 20 0.0 0.0
5893 138 0 0 20 0.0 0.0
5894 139 0 0 20 0.0 0.0
5895 140 0 0 20 0.0 0.0
5896 141 0 0 20 0.0 0.0
5897 142 0 0 20 0.0 0.0
5898 143 0 0 20 0.0 0.0
5899 144 0 0 20 0.0 0.0
5900 145 0 0 20 0.0 0.0
5901 146 0 0 20 0.0 0.0
5902 147 0 0 20 0.0 0.0
5903 148 0 0 20 0.0 0.0
5904 149 0 0 20 0.0 0.0
5905 150 0 0 20 0.0 0.0
5906 151 0 0 20 0.0 0.0
5907 152 0 0 20 0.0 0.0
5908 153 0 0 20 0.0 0.0
5909 154 0 0 20 0.0 0.0
5910 155 0 0 20 0.0 0.0
5911 156 0 0 20 0.0 0.0
5912 157 0 0 20 0.0 0.0
5913 158 0 0 20 0.0 0.0
5914 159 0 0 20 0.0 0.0
5915 160 0 0 20 0.0 0.0
5916 161 0 0 20 0.0 0.0
5917 162 0 0 20 0.0 0.0
5918 163 0 0 20 0.0 0.0
5919 164 0 0 20 0.0 0.0
5920 165 0 0 20 0.0 0.0
5921 166 0 0 20 0.0 0.0
5922 167 0 0 20 0.0 0.0
5923 168 0 0 20 0.0 0.0
5924 169 0 0 20 0.0 0.0
5925 170 0 0 20 0.0 0.0
5926 171 0 0 20 0.0 0.0
5927 172 0 0 20 0.0 0.0
5928 173 0 0 20 0.0 0.0
5929 174 0 0 20 0.0 0.0
5930 175 0 0 20 0.0 0.0
5931 176 0 0 20 0.0 0.0
5932 177 0 0 20 0.0 0.0
5933 178 0 0 20 0.0 0.0
5934 179 0 0 20 0.0 0.0
5935 180 0 0 20 0.0 0.0
5936 181 0 0 20 0.0 0.0
5937 182 0 0 20 0.0 0.0
5938 183 0 0 20 0.0 0.0
5939 184 0 0 20 0.0 0.0
5940 185 0 0 20 0.0 0.0
5941 186 0 0 20 0.0 0.0
5942 187 0 0 20 0.0 0.0
5943 188 0 0 20 0.0 0.0
5944 189 0 0 20 0.0 0.0
5945 190 0 0 20 0.0 0.0
5946 191 0 0 20 0.0 0.0
5947 192 0 0 20 0.0 0.0
5948 193 0 0 20 0.0 0.0
5949 194 0 0 20 0.0 0.0
5950 195 0 0 20 0.0 0.0
5951 196 0 0 20 0.0 0.0
5952 197 0 0 20 0.0 0.0
5953 198 0 0 20 0.0 0.0
5954 199 0 0 20 0.0 0.0
5955 200 0 0 20 0.0 0.0
5956 201 0 0 20 0.0 0.0
5957 202 0 0 20 0.0 0.0
5958 203 0 0 20 0.0 0.0
5959 204 0 0 20 0.0 0.0
5960 205 0 0 20 0.0 0.0
5961 206 0 0 20 0.0 0.0
5962 207 0 0 20 0.0 0.0
5963 208 0 0 20 0.0 0.0
5964 209 0 0 20 0.0 0.0
5965 210 0 0 20 0.0 0.0
5966 211 0 0 20 0.0 0.0
5967 212 0 0 20 0.0 0.0
5968 213 0 0 20 0.0 0.0
5969 214 0 0 20 0.0 0.0
5970 215 0 0 20 0.0 0.0
5971 216 0 0 20 0.0 0.0
5972 217 0 0 20 0.0 0.0
5973 218 0 0 20 0.0 0.0
5974 219 0 0 20 0.0 0.0
5975 220 0 0 20 0.0 0.0
5976 221 0 0 20 0.0 0.0
5977 222 0 0 20 0.0 0.0
5978 223 0 0 20 0.0 0.0
5979 224 0 0 20 0.0 0.0
5980 225 0 0 20 0.0 0.0
5981 226 0 0 20 0.0 0.0
5982 227 0 0 20 0.0 0.0
5983 228 0 0 20 0.0 0.0
5984 229 0 0 20 0.0 0.0
5985 230 0 0 20 0.0 0.0
5986 231 0 0 20 0.0 0.0
5987 232 0 0 20 0.0 0.0
5988 233 0 0 20 0.0 0.0
5989 234 0 0 20 0.0 0.0
5990 235 0 0 20 0.0 0.0
5991 236 0 0 20 0.0 0.0
5992 237 0 0 20 0.0 0.0
5993 238 0 0 20 0.0 0.0
5994 239 0 0 20 0.0 0.0
5995 240 0 0 20 0.0 0.0
5996 241 0 0 20 0.0 0.0
5997 242 0 0 20 0.0 0.0
5998 243 0 0 20 0.0 0.0
5999 244 0 0 20 0.0 0.0
6000 245 0 0 20 0.0 0.0
6001 246 0 0 20 0.0 0.0
6002 247 0 0 20 0.0 0.0
6003 248 0 0 20 0.0 0.0
6004 249 0 0 20 0.0 0.0
6005 250 0 0 20 0.0 0.0
6006 251 0 0 20 0.0 0.0
6007 252 0 0 20 0.0 0.0
6008 253 0 0 20 0.0 0.0
6009 254 0 0 20 0.0 0.0
6010 255 0 0 20 0.0 0.0
6011 256 0 0 20 0.0 0.0
6012 257 0 0 20 0.0 0.0
6013 258 0 0 20 0.0 0.0
6014 259 0 0 20 0.0 0.0
6015 260 0 0 20 0.0 0.0
6016 261 0 0 20 0.0 0.0
6017 262 0 0 20 0.0 0.0
6018 263 0 0 20 0.0 0.0
6019 264 0 0 20 0.0 0.0
6020 265 0 0 20 0.0 0.0
6021 266 0 0 20 0.0 0.0
6022 267 0 0 20 0.0 0.0
6023 268 0 0 20 0.0 0.0
6024 269 0 0 20 0.0 0.0
6025 270 0 0 20 0.0 0.0
6026 271 0 0 20 0.0 0.0
6027 272 0 0 20 0.0 0.0
6028 273 0 0 20 0.0 0.0
6029 274 0 0 20 0.0 0.0
6030 275 0 0 20 0.0 0.0
6031 276 0 0 20 0.0 0.0
6032 277 0 0 20 0.0 0.0
6033 278 0 0 20 0.0 0.0
6034 279 0 0 20 0.0 0.0
6035 280 0 0 20 0.0 0.0
6036 281 0 0 20 0.0 0.0
6037 282 0 0 20 0.0 0.0
6038 283 0 0 20 0.0 0.0
6039 284 0 0 20 0.0 0.0
6040 285 0 0 20 0.0 0.0
6041 286 0 0 20 0.0 0.0
6042 287 0 0 20 0.0 0.0
6043 288 0 0 20 0.0 0.0
6044 289 0 0 20 0.0 0.0
6045 290 0 0 20 0.0 0.0
6046 291 0 0 20 0.0 0.0
6047 292 0 0 20 0.0 0.0
6048 293 0 0 20 0.0 0.0
6049 294 0 0 20 0.0 0.0
6050 295 0 0 20 0.0 0.0
6051 296 0 0 20 0.0 0.0
6052 297 0 0 20 0.0 0.0
6053 298 0 0 20 0.0 0.0
6054 299 0 0 20 0.0 0.0
6055 300 0 0 20 0.0 0.0
6056 301 0 0 20 0.0 0.0
6057 302 0 0 20 0.0 0.0
6058 303 0 0 20 0.0 0.0
6059 304 0 0 20 0.0 0.0
6060 305 0 0 20 0.0 0.0
6061 306 0 0 20 0.0 0.0
6062 307 0 0 20 0.0 0.0
6063 308 0 0 20 0.0 0.0
6064 309 0 0 20 0.0 0.0
6065 310 0 0 20 0.0 0.0
6066 311 0 0 20 0.0 0.0
6067 312 0 0 20 0.0 0.0
6068 313 0 0 20 0.0 0.0
6069 314 0 0 20 0.0 0.0
6070 315 0 0 20 0.0 0.0
6071 316 0 0 20 0.0 0.0
6072 317 0 0 20 0.0 0.0
6073 318 0 0 20 0.0 0.0
6074 319 0 0 20 0.0 0.0
6075 320 0 0 20 0.0 0.0
6076 321 0 0 20 0.0 0.0
6077 322 0 0 20 0.0 0.0
6078 323 0 0 20 0.0 0.0
6079 324 0 0 20 0.0 0.0
6080 325 0 0 20 0.0 0.0
6081 326 0 0 20 0.0 0.0
6082 327 0 0 20 0.0 0.0
6083 328 0 0 20 0.0 0.0
6084 329 0 0 20 0.0 0.0
6085 330 0 0 20 0.0 0.0
6086 331 0 0 20 0.0 0.0
6087 332 0 0 20 0.0 0.0
6088 333 0 0 20 0.0 0.0
6089 334 0 0 20 0.0 0.0
6090 335 0 0 20 0.0 0.0
6091 336 0 0 20 0.0 0.0
6092 337 0 0 20 0.0 0.0
6093 338 0 0 20 0.0 0.0
6094 339 0 0 20 0.0 0.0
6095 340 0 0 20 0.0 0.0
6096 341 0 0 20 0.0 0.0
6097 342 0 0 20 0.0 0.0
6098 343 0 0 20 0.0 0.0
6099 344 0 0 20 0.0 0.0
6100 345 0 0 20 0.0 0.0
6101 346 0 0 20 0.0 0.0
6102 347 0 0 20 0.0 0.0
6103 348 0 0 20 0.0 0.0
6104 349 0 0 20 0.0 0.0
6105 350 0 0 20 0.0 0.0
6106 351 0 0 20 0.0 0.0
6107 352 0 0 20 0.0 0.0
6108 353 0 0 20 0.0 0.0
6109 354 0 0 20 0.0 0.0
6110 355 0 0 20 0.0 0.0
6111 356 0 0 20 0.0 0.0
6112 357 0 0 20 0.0 0.0
6113 358 0 0 20 0.0 0.0
6114 359 0 0 20 0.0 0.0
6115 360 0 0 20 0.0 0.0
6116 361 0 0 20 0.0 0.0
6117 362 0 0 20 0.0 0.0
6118 363 0 0 20 0.0 0.0
6119 364 0 0 20 0.0 0.0
6120 365 0 0 20 0.0 0.0
# Starting new year: 2027
6121 1 0 0 20 0.0 0.0
6122 2 0 0 20 0.0 0.0
6123 3 0 0 20 0.0 0.0
6124 4 0 0 20 0.0 0.0
6125 5 0 0 20 0.0 0.0
6126 6 0 0 20 0.0 0.0
6127 7 0 0 20 0.0 0.0
6128 8 0 0 20 0.0 0.0
6129 9 0 0 20 0.0 0.0
6130 10 0 0 20 0.0 0.0
6131 11 0 0 20 0.0 0.0
6132 12 0 0 20 0.0 0.0
6133 13 0 0 20 0.0 0.0
6134 14 0 0 20 0.0 0.0
6135 15 0 0 20 0.0 0.0
6136 16 0 0 20 0.0 0.0
6137 17 0 0 20 0.0 0.0
6138 18 0 0 20 0.0 0.0
6139 19 0 0 20 0.0 0.0
6140 20 0 0 20 0.0 0.0
6141 21 0 0 20 0.0 0.0
6142 22 0 0 20 0.0 0.0
6143 23 0 0 20 0.0 0.0
6144 24 0 0 20 0.0 0.0
6145 25 0 0 20 0.0 0.0
6146 26 0 0 20 0.0 0.0
6147 27 0 0 20 0.0 0.0
6148 28 0 0 20 0.0 0.0
6149 29 0 0 20 0.0 0.0
6150 30 0 0 20 0.0 0.0
6151 31 0 0 20 0.0 0.0
6152 32 0 0 20 0.0 0.0
6153 33 0 0 20 0.0 0.0
6154 34 0 0 20 0.0 0.0
6155 35 0 0 20 0.0 0.0
6156 36 0 0 20 0.0 0.0
6157 37 0 0 20 0.0 0.0
6158 38 0 0 20 0.0 0.0
6159 39 0 0 20 0.0 0.0
6160 40 0 0 20 0.0 0.0
6161 41 0 0 20 0.0 0.0
6162 42 0 0 20 0.0 0.0
6163 43 0 0 20 0.0 0.0
6164 44 0 0 20 0.0 0.0
6165 45 0 0 20 0.0 0.0
6166 46 0 0 20 0.0 0.0
6167 47 0 0 20 0.0 0.0
6168 48 0 0 20 0.0 0.0
6169 49 0 0 20 0.0 0.0
6170 50 0 0 20 0.0 0.0
6171 51 0 0 20 0.0 0.0
6172 52 0 0 20 0.0 0.0
6173 53 0 0 20 0.0 0.0
6174 54 0 0 20 0.0 0.0
6175 55 0 0 20 0.0 0.0
6176 56 0 0 20 0.0 0.0
6177 57 0 0 20 0.0 0.0
6178 58 0 0 20 0.0 0.0
6179 59 0 0 20 0.0 0.0
6180 60 0 0 20 0.0 0.0
6181 61 0 0 20 0.0 0.0
6182 62 0 0 20 0.0 0.0
6183 63 0 0 20 0.0 0.0
6184 64 0 0 20 0.0 0.0
6185 65 0 0 20 0.0 0.0
6186 66 0 0 20 0.0 0.0
6187 67 0 0 20 0.0 0.0
6188 68 0 0 20 0.0 0.0
6189 69 0 0 20 0.0 0.0
6190 70 0 0 20 0.0 0.0
6191 71 0 0 20 0.0 0.0
6192 72 0 0 20 0.0 0.0
6193 73 0 0 20 0.0 0.0
6194 74 0 0 20 0.0 0.0
6195 75 0 0 20 0.0 0.0
6196 76 0 0 20 0.0 0.0
6197 77 0 0 20 0.0 0.0
6198 78 0 0 20 0.0 0.0
6199 79 0 0 20 0.0 0.0
6200 80 0 0 20 0.0 0.0
6201 81 0 0 20 0.0 0.0
6202 82 0 0 20 0.0 0.0
6203 83 0 0 20 0.0 0.0
6204 84 0 0 20 0.0 0.0
6205 85 0 0 20 0.0 0.0
6206 86 0 0 20 0.0 0.0
6207 87 0 0 20 0.0 0.0
6208 88 0 0 20 0.0 0.0
6209 89 0 0 20 0.0 0.0
6210 90 0 0 20 0.0 0.0
6211 91 0 0 20 0.0 0.0
6212 92 0 0 20 0.0 0.0
6213 93 0 0 20 0.0 0.0
6214 94 0 0 20 0.0 0.0
6215 95 0 0 20 0.0 0.0
6216 96 0 0 20 0.0 0.0
6217 97 0 0 20 0.0 0.0
6218 98 0 0 20 0.0 0.0
6219 99 0 0 20 0.0 0.0
6220 100 0 0 20 0.0 0.0
6221 101 0 0 20 0.0 0.0
6222 102 0 0 20 0.0 0.0
6223 103 0 0 20 0.0 0.0
6224 104 0 0 20 0.0 0.0
6225 105 0 0 20 0.0 0.0
6226 106 0 0 20 0.0 0.0
6227 107 0 0 20 0.0 0.0
6228 108 0 0 20 0.0 0.0
6229 109 0 0 20 0.0 0.0
6230 110 0 0 20 0.0 0.0
6231 111 0 0 20 0.0 0.0
6232 112 0 0 20 0.0 0.0
6233 113 0 0 20 0.0 0.0
6234 114 0 0 20 0.0 0.0
6235 115 0 0 20 0.0 0.0
6236 116 0 0 20 0.0 0.0
6237 117 0 0 20 0.0 0.0
6238 118 0 0 20 0.0 0.0
6239 119 0 0 20 0.0 0.0
6240 120 0 0 20 0.0 0.0
6241 121 0 0 20 0.0 0.0
6242 122 0 0 20 0.0 0.0
6243 123 0 0 20 0.0 0.0
6244 124 0 0 20 0.0 0.0
6245 125 0 0 20 0.0 0.0
6246 126 0 0 20 0.0 0.0
6247 127 0 0 20 0.0 0.0
6248 128 0 0 20 0.0 0.0
6249 129 0 0 20 0.0 0.0
6250 130 0 0 20 0.0 0.0
6251 131 0 0 20 0.0 0.0
6252 132 0 0 20 0.0 0.0
6253 133 0 0 20 0.0 0.0
6254 134 0 0 20 0.0 0.0
6255 135 0 0 20 0.0 0.0
6256 136 0 0 20 0.0 0.0
6257 137 0 0 20 0.0 0.0
6258 138 0 0 20 0.0 0.0
6259 139 0 0 20 0.0 0.0
6260 140 0 0 20 0.0 0.0
6261 141 0 0 20 0.0 0.0
6262 142 0 0 20 0.0 0.0
6263 143 0 0 20 0.0 0.0
6264 144 0 0 20 0.0 0.0
6265 145 0 0 20 0.0 0.0
6266 146 0 0 20 0.0 0.0
6267 147 0 0 20 0.0 0.0
6268 148 0 0 20 0.0 0.0
6269 149 0 0 20 0.0 0.0
6270 150 0 0 20 0.0 0.0
6271 151 0 0 20 0.0 0.0
6272 152 0 0 20 0.0 0.0
6273 153 0 0 20 0.0 0.0
6274 154 0 0 20 0.0 0.0
6275 155 0 0 20 0.0 0.0
6276 156 0 0 20 0.0 0.0
6277 157 0 0 20 0.0 0.0
6278 158 0 0 20 0.0 0.0
6279 159 0 0 20 0.0 0.0
6280 160 0 0 20 0.0 0.0
6281 161 0 0 20 0.0 0.0
6282 162 0 0 20 0.0 0.0
6283 163 0 0 20 0.0 0.0
6284 164 0 0 20 0.0 0.0
6285 165 0 0 20 0.0 0.0
6286 166 0 0 20 0.0 0.0
6287 167 0 0 20 0.0 0.0
6288 168 0 0 20 0.0 0.0
6289 169 0 0 20 0.0 0.0
6290 170 0 0 20 0.0 0.0
6291 171 0 0 20 0.0 0.0
6292 172 0 0 20 0.0 0.0
6293 173 0 0 20 0.0 0.0
6294 174 0 0 20 0.0 0.0
6295 175 0 0 20 0.0 0.0
6296 176 0 0 20 0.0 0.0
6297 177 0 0 20 0.0 0.0
6298 178 0 0 20 0.0 0.0
6299 179 0 0 20 0.0 0.0
6300 180 0 0 20 0.0 0.0
6301 181 0 0 20 0.0 0.0
6302 182 0 0 20 0.0 0.0
6303 183 0 0 20 0.0 0.0
6304 184 0 0 20 0.0 0.0
6305 185 0 0 20 0.0 0.0
6306 186 0 0 20 0.0 0.0
6307 187 0 0 20 0.0 0.0
6308 188 0 0 20 0.0 0.0
6309 189 0 0 20 0.0 0.0
6310 190 0 0 20 0.0 0.0
6311 191 0 0 20 0.0 0.0
6312 192 0 0 20 0.0 0.0
6313 193 0 0 20 0.0 0.0
6314 194 0 0 20 0.0 0.0
6315 195 0 0 20 0.0 0.0
6316 196 0 0 20 0.0 0.0
6317 197 0 0 20 0.0 0.0
6318 198 0 0 20 0.0 0.0
6319 199 0 0 20 0.0 0.0
6320 200 0 0 20 0.0 0.0
6321 201 0 0 20 0.0 0.0
6322 202 0 0 20 0.0 0.0
6323 203 0 0 20 0.0 0.0
6324 204 0 0 20 0.0 0.0
6325 205 0 0 20 0.0 0.0
6326 206 0 0 20 0.0 0.0
6327 207 0 0 20 0.0 0.0
6328 208 0 0 20 0.0 0.0
6329 209 0 0 20 0.0 0.0
6330 210 0 0 20 0.0 0.0
6331 211 0 0 20 0.0 0.0
6332 212 0 0 20 0.0 0.0
6333 213 0 0 20 0.0 0.0
6334 214 0 0 20 0.0 0.0
6335 215 0 0 20 0.0 0.0
6336 216 0 0 20 0.0 0.0
6337 217 0 0 20 0.0 0.0
6338 218 0 0 20 0.0 0.0
6339 219 0 0 20 0.0 0.0
6340 220 0 0 20 0.0 0.0
6341 221 0 0 20 0.0 0.0
6342 222 0 0 20 0.0 0.0
6343 223 0 0 20 0.0 0.0
6344 224 0 0 20 0.0 0.0
6345 225 0 0 20 0.0 0.0
6346 226 0 0 20 0.0 0.0
6347 227 0 0 20 0.0 0.0
6348 228 0 0 20 0.0 0.0
6349 229 0 0 20 0.0 0.0
6350 230 0 0 20 0.0 0.0
6351 231 0 0 20 0.0 0.0
6352 232 0 0 20 0.0 0.0
6353 233 0 0 20 0.0 0.0
6354 234 0 0 20 0.0 0.0
6355 235 0 0 20 0.0 0.0
6356 236 0 0 20 0.0 0.0
6357 237 0 0 20 0.0 0.0
6358 238 0 0 20 0.0 0.0
6359 239 0 0 20 0.0 0.0
6360 240 0 0 20 0.0 0.0
6361 241 0 0 20 0.0 0.0
6362 242 0 0 20 0.0 0.0
6363 243 0 0 20 0.0 0.0
6364 244 0 0 20 0.0 0.0
6365 245 0 0 20 0.0 0.0
6366 246 0 0 20 0.0 0.0
6367 247 0 0 20 0.0 0.0
6368 248 0 0 20 0.0 0.0
6369 249 0 0 20 0.0 0.0
6370 250 0 0 20 0.0 0.0
6371 251 0 0 20 0.0 0.0
6372 252 0 0 20 0.0 0.0
6373 253 0 0 20 0.0 0.0
6374 254 0 0 20 0.0 0.0
6375 255 0 0 20 0.0 0.0
6376 256 0 0 20 0.0 0.0
6377 257 0 0 20 0.0 0.0
6378 258 0 0 20 0.0 0.0
6379 259 0 0 20 0.0 0.0
6380 260 0 0 20 0.0 0.0
6381 261 0 0 20 0.0 0.0
6382 262 0 0 20 0.0 0.0
6383 263 0 0 20 0.0 0.0
6384 264 0 0 20 0.0 0.0
6385 265 0 0 20 0.0 0.0
6386 266 0 0 20 0.0 0.0
6387 267 0 0 20 0.0 0.0
6388 268 0 0 20 0.0 0.0
6389 269 0 0 20 0.0 0.0
6390 270 0 0 20 0.0 0.0
6391 271 0 0 20 0.0 0.0
6392 272 0 0 20 0.0 0.0
6393 273 0 0 20 0.0 0.0
6394 274 0 0 20 0.0 0.0
6395 275 0 0 20 0.0 0.0
6396 276 0 0 20 0.0 0.0
6397 277 0 0 20 0.0 0.0
6398 278 0 0 20 0.0 0.0
6399 279 0 0 20 0.0 0.0
6400 280 0 0 20 0.0 0.0
6401 281 0 0 20 0.0 0.0
6402 282 0 0 20 0.0 0.0
6403 283 0 0 20 0.0 0.0
6404 284 0 0 20 0.0 0.0
6405 285 0 0 20 0.0 0.0
6406 286 0 0 20 0.0 0.0
6407 287 0 0 20 0.0 0.0
6408 288 0 0 20 0.0 0.0
6409 289 0 0 20 0.0 0.0
6410 290 0 0 20 0.0 0.0
6411 291 0 0 20 0.0 0.0
6412 292 0 0 20 0.0 0.0
6413 293 0 0 20 0.0 0.0
6414 294 0 0 20 0.0 0.0
6415 295 0 0 20 0.0 0.0
6416 296 0 0 20 0.0 0.0
6417 297 0 0 20 0.0 0.0
6418 298 0 0 20 0.0 0.0
6419 299 0 0 20 0.0 0.0
6420 300 0 0 20 0.0 0.0
6421 301 0 0 20 0.0 0.0
6422 302 0 0 20 0.0 0.0
6423 303 0 0 20 0.0 0.0
6424 304 0 0 20 0.0 0.0
6425 305 0 0 20 0.0 0.0
6426 306 0 0 20 0.0 0.0
6427 307 0 0 20 0.0 0.0
6428 308 0 0 20 0.0 0.0
6429 309 0 0 20 0.0 0.0
6430 310 0 0 20 0.0 0.0
6431 311 0 0 20 0.0 0.0
6432 312 0 0 20 0.0 0.0
6433 313 0 0 20 0.0 0.0
6434 314 0 0 20 0.0 0.0
6435 315 0 0 20 0.0 0.0
6436 316 0 0 20 0.0 0.0
6437 317 0 0 20 0.0 0.0
6438 318 0 0 20 0.0 0.0
6439 319 0 0 20 0.0 0.0
6440 320 0 0 20 0.0 0.0
6441 321 0 0 20 0.0 0.0
6442 322 0 0 20 0.0 0.0
6443 323 0 0 20 0.0 0.0
6444 324 0 0 20 0.0 0.0
6445 325 0 0 20 0.0 0.0
6446 326 0 0 20 0.0 0.0
6447 327 0 0 20 0.0 0.0
6448 328 0 0 20 0.0 0.0
6449 329 0 0 20 0.0 0.0
6450 330 0 0 20 0.0 0.0
6451 331 0 0 20 0.0 0.0
6452 332 0 0 20 0.0 0.0
6453 333 0 0 20 0.0 0.0
6454 334 0 0 20 0.0 0.0
6455 335 0 0 20 0.0 0.0
# Starting new year: 2028
6456 1 0 0 20 0.0 0.0
6457 2 0 0 20 0.0 0.0
6458 3 0 0 20 0.0 0.0
6459 4 0 0 20 0.0 0.0
6460 5 0 0 20 0.0 0.0
6461 6 0 0 20 0.0 0.0
6462 7 0 0 20 0.0 0.0
6463 8 0 0 20 0.0 0.0
6464 9 0 0 20 0.0 0.0
6465 10 0 0 20 0.0 0.0
6466 11 0 0 20 0.0 0.0
6467 12 0 0 20 0.0 0.0
6468 13 0 0 20 0.0 0.0
6469 14 0 0 20 0.0 0.0
6470 15 0 0 20 0.0 0.0
6471 16 0 0 20 0.0 0.0
6472 17 0 0 20 0.0 0.0
6473 18 0 0 20 0.0 0.0
6474 19 0 0 20 0.0 0.0
6475 20 0 0 20 0.0 0.0
6476 21 0 0 20 0.0 0.0
6477 22 0 0 20 0.0 0.0
6478 23 0 0 20 0.0 0.0
6479 24 0 0 20 0.0 0.0
6480 25 0 0 20 0.0 0.0
6481 26 0 0 20 0.0 0.0
6482 27 0 0 20 0.0 0.0
6483 28 0 0 20 0.0 0.0
6484 29 0 0 20 0.0 0.0
6485 30 0 0 20 0.0 0.0
6486 31 0 0 20 0.0 0.0
6487 32 0 0 20 0.0 0.0
6488 33 0 0 20 0.0 0.0
6489 34 0 0 20 0.0 0.0
6490 35 0 0 20 0.0 0.0
6491 36 0 0 20 0.0 0.0
6492 37 0 0 20 0.0 0.0
6493 38 0 0 20 0.0 0.0
6494 39 0 0 20 0.0 0.0
6495 40 0 0 20 0.0 0.0
6496 41 0 0 20 0.0 0.0
6497 42 0 0 20 0.0 0.0
6498 43 0 0 20 0.0 0.0
6499 44 0 0 20 0.0 0.0
6500 45 0 0 20 0.0 0.0
6501 46 0 0 20 0.0 0.0
6502 47 0 0 20 0.0 0.0
6503 48 0 0 20 0.0 0.0
6504 49 0 0 20 0.0 0.0
6505 50 0 0 20 0.0 0.0
6506 51 0 0 20 0.0 0.0
6507 52 0 0 20 0.0 0.0
6508 53 0 0 20 0.0 0.0
6509 54 0 0 20 0.0 0.0
6510 55 0 0 20 0.0 0.0
6511 56 0 0 20 0.0 0.0
6512 57 0 0 20 0.0 0.0
6513 58 0 0 20 0.0 0.0
6514 59 0 0 20 0.0 0.0
6515 60 0 0 20 0.0 0.0
6516 61 0 0 20 0.0 0.0
6517 62 0 0 20 0.0 0.0
6518 63 0 0 20 0.0 0.0
6519 64 0 0 20 0.0 0.0
6520 65 0 0 20 0.0 0.0
6521 66 0 0 20 0.0 0.0
6522 67 0 0 20 0.0 0.0
6523 68 0 0 20 0.0 0.0
6524 69 0 0 20 0.0 0.0
6525 70 0 0 20 0.0 0.0
6526 71 0 0 20 0.0 0.0
6527 72 0 0 20 0.0 0.0
6528 73 0 0 20 0.0 0.0
6529 74 0 0 20 0.0 0.0
6530 75 0 0 20 0.0 0.0
6531 76 0 0 20 0.0 0.0
6532 77 0 0 20 0.0 0.0
6533 78 0 0 20 0.0 0.0
6534 79 0 0 20 0.0 0.0
6535 80 0 0 20 0.0 0.0
6536 81 0 0 20 0.0 0.0
6537 82 0 0 20 0.0 0.0
6538 83 0 0 20 0.0 0.0
6539 84 0 0 20 0.0 0.0
6540 85 0 0 20 0.0 0.0
6541 86 0 0 20 0.0 0.0
6542 87 0 0 20 0.0 0.0
6543 88 0 0 20 0.0 0.0
6544 89 0 0 20 0.0 0.0
6545 90 0 0 20 0.0 0.0
6546 91 0 0 20 0.0 0.0
6547 92 0 0 20 0.0 0.0
6548 93 0 0 20 0.0 0.0
6549 94 0 0 20 0.0 0.0
6550 95 0 0 20 0.0 0.0
6551 96 0 0 20 0.0 0.0
6552 97 0 0 20 0.0 0.0
6553 98 0 0 20 0.0 0.0
6554 99 0 0 20 0.0 0.0
6555 100 0 0 20 0.0 0.0
6556 101 0 0 20 0.0 0.0
6557 102 0 0 20 0.0 0.0
6558 103 0 0 20 0.0 0.0
6559 104 0 0 20 0.0 0.0
6560 105 0 0 20 0.0 0.0
6561 106 0 0 20 0.0 0.0
6562 107 0 0 20 0.0 0.0
6563 108 0 0 20 0.0 0.0
6564 109 0 0 20 0.0 0.0
6565 110 0 0 20 0.0 0.0
6566 111 0 0 20 0.0 0.0
6567 112 0 0 20 0.0 0.0
6568 113 0 0 20 0.0 0.0
6569 114 0 0 20 0.0 0.0
6570 115 0 0 20 0.0 0.0
6571 116 0 0 20 0.0 0.0
6572 117 0 0 20 0.0 0.0
6573 118 0 0 20 0.0 0.0
6574 119 0 0 20 0.0 0.0
6575 120 0 0 20 0.0 0.0
6576 121 0 0 20 0.0 0.0
6577 122 0 0 20 0.0 0.0
6578 123 0 0 20 0.0 0.0
6579 124 0 0 20 0.0 0.0
6580 125 0 0 20 0.0 0.0
6581 126 0 0 20 0.0 0.0
6582 127 0 0 20 0.0 0.0
6583 128 0 0 20 0.0 0.0
6584 129 0 0 20 0.0 0.0
6585 130 0 0 20 0.0 0.0
6586 131 0 0 20 0.0 0.0
6587 132 0 0 20 0.0 0.0
6588 133 0 0 20 0.0 0.0
6589 134 0 0 20 0.0 0.0
6590 135 0 0 20 0.0 0.0
6591 136 0 0 20 0.0 0.0
6592 137 0 0 20 0.0 0.0
6593 138 0 0 20 0.0 0.0
6594 139 0 0 20 0.0 0.0
6595 140 0 0 20 0.0 0.0
6596 141 0 0 20 0.0 0.0
6597 142 0 0 20 0.0 0.0
6598 143 0 0 20 0.0 0.0
6599 144 0 0 20 0.0 0.0
6600 145 0 0 20 0.0 0.0
6601 146 0 0 20 0.0 0.0
6602 147 0 0 20 0.0 0.0
6603 148 0 0 20 0.0 0.0
6604 149 0 0 20 0.0 0.0
6605 150 0 0 20 0.0 0.0
6606 151 0 0 20 0.0 0.0
6607 152 0 0 20 0.0 0.0
6608 153 0 0 20 0.0 0.0
6609 154 0 0 20 0.0 0.0
6610 155 0 0 20 0.0 0.0
6611 156 0 0 20 0.0 0.0
6612 157 0 0 20 0.0 0.0
6613 158 0 0 20 0.0 0.0
6614 159 0 0 20 0.0 0.0
6615 160 0 0 20 0.0 0.0
6616 161 0 0 20 0.0 0.0
6617 162 0 0 20 0.0 0.0
6618 163 0 0 20 0.0 0.0
6619 164 0 0 20 0.0 0.0
6620 165 0 0 20 0.0 0.0
